2035.37, -1, -1, -1, -1, -1, -1, -1, -1, -1, -1, -1, -1, -1, 0, 0, 0, -1, 0, 0, 0, -1, 0
2202.2, 0.727201, 0.183196, -0.661526, 3863, 2439, 2004, 0.002587, 0.00801797, -0.0105605, 60, 0, 1, 0.999912, 0.010581, 0.00799009, -0.01056, 0.999941, -0.00267152, -0.00801788, 0.00258691, 0.999965, 0
2369.04, -0.471882, 0.711631, -0.588943, 3860, 1919, 1171, 0.00109082, -0.00912164, -0.00889931, 746, 4, 1.03728, 0.999919, 0.00888924, -0.00913086, -0.00889882, 0.99996, -0.0010096, 0.00912152, 0.00109077, 0.999958, 0
2535.87, -0.70902, 0.476699, -0.282588, 3858, 2749, 2258, 0.0181554, 0.00895561, -0.0284969, 2000, 431, 0.899892, 0.999554, 0.0286508, 0.00843311, -0.0284919, 0.999425, -0.0184022, -0.00895549, 0.0181537, 0.999795, 0
2702.7, -0.555542, 0.678177, -0.655874, 3869, 3641, 3094, 0.0177727, -0.000577044, -0.0175317, 2611, 1117, 1.09486, 0.999846, 0.0175178, -0.000888418, -0.0175308, 0.999689, -0.0177589, 0.000577044, 0.0177718, 0.999842, 0
2869.54, -0.217987, 0.344139, -0.621406, 3863, 4140, 3273, 0.010766, -0.0086541, -0.0132074, 1167, 614, 0.743031, 0.999875, 0.0131131, -0.00879492, -0.0132065, 0.999856, -0.0106505, 0.00865399, 0.0107653, 0.999905, 0
3036.37, -0.382493, 0.4891, -1.05735, 3866, 3025, 2641, 0.0156778, -0.00708363, -0.020802, 1779, 597, 1.22617, 0.999759, 0.020687, -0.00740727, -0.0208, 0.999663, -0.0155265, 0.00708357, 0.0156768, 0.999852, 0
3203.2, -0.709075, 0.563005, -0.824722, 3873, 2870, 1953, 0.015311, -0.00255841, -0.0171929, 1675, 732, 1.22472, 0.999849, 0.0171509, -0.00282095, -0.017192, 0.999736, -0.0152642, 0.00255841, 0.0153104, 0.99988, 0
3370.04, -0.664377, 0.295154, -0.667793, 3876, 2842, 2000, 0.0109822, -0.00920072, -0.0172871, 1609, 710, 0.987148, 0.999808, 0.0171842, -0.0093885, -0.0172855, 0.999792, -0.0108213, 0.00920059, 0.0109816, 0.999897, 0
3536.87, -1.0449, 0.109872, -0.503547, 3877, 3360, 2627, 0.0275137, -0.0014074, -0.0370125, 2502, 1013, 1.1651, 0.999314, 0.0369513, -0.00242389, -0.037004, 0.998938, -0.0274393, 0.00140739, 0.0275102, 0.999621, 0
3703.7, 0.00748032, 0.122765, -0.714582, 3872, 4200, 3634, 0.0120553, 0.00199485, -0.0371441, 2269, 1175, 0.72509, 0.999308, 0.0371569, 0.00154566, -0.0371355, 0.999237, -0.0121208, -0.00199485, 0.012055, 0.999925, 0
3870.54, -0.302551, -0.269503, -1.06437, 3881, 3958, 2922, 0.0184431, -0.00848186, -0.0314348, 2204, 1187, 1.13888, 0.99947, 0.0312679, -0.00905575, -0.0314285, 0.999341, -0.0181664, 0.00848176, 0.0184414, 0.999794, 0
4037.37, -0.0892901, -0.598294, -0.847093, 3886, 3766, 2891, 0.0257659, 0.00138087, -0.034044, 2342, 1111, 1.04091, 0.99942, 0.0340616, 0.000502706, -0.0340374, 0.999088, -0.0257951, -0.00138087, 0.025763, 0.999667, 0
4204.2, -0.314326, -0.754862, -0.734624, 3878, 2952, 2569, 0.00936266, 0.00246076, -0.0370772, 2514, 1221, 1.09922, 0.99931, 0.0370901, 0.0021119, -0.0370686, 0.999268, -0.0094473, -0.00246076, 0.00936249, 0.999953, 0
4371.04, -0.394158, -0.596833, -0.471024, 3878, 4532, 4002, 0.012656, 0.0068378, -0.057062, 3670, 1923, 0.856407, 0.998349, 0.0571129, 0.0061043, -0.0570297, 0.998288, -0.013025, -0.00683774, 0.0126554, 0.999897, 0
4537.87, -0.33343, -0.336027, -0.621936, 3874, 5723, 5003, 0.0187876, -0.00558162, -0.0361393, 2328, 1300, 0.781597, 0.999331, 0.0360203, -0.00625575, -0.0361309, 0.999174, -0.0185726, 0.00558159, 0.0187862, 0.999808, 0
4704.7, -0.505265, -0.581924, -0.447634, 3873, 4564, 3811, 0.018815, -0.00548976, -0.0511231, 1665, 963, 0.891237, 0.998678, 0.0509886, -0.00644299, -0.0511, 0.998522, -0.0185088, 0.00548973, 0.0188136, 0.999808, 0
4871.54, -0.473155, -0.463321, -0.686906, 3874, 3907, 2848, 0.0168238, 0.00640121, -0.0476348, 210, 105, 0.95414, 0.998845, 0.0477176, 0.00559195, -0.0476158, 0.998719, -0.0171087, -0.00640117, 0.0168226, 0.999838, 0
5038.37, 1.03511, 0.430899, -0.495067, 3728, 2572, 1860, 0.0085461, 0.00584279, -0.0604925, 1557, 118, 1.22565, 0.998154, 0.0605032, 0.00531521, -0.0604546, 0.998131, -0.00888358, -0.00584276, 0.00854585, 0.999946, 0
5205.21, -0.508288, 0.546711, 0.363261, 3877, 2190, 1593, -0.0244848, -0.0106781, -0.0605022, 184, 60, 0.830185, 0.998113, 0.0607081, -0.00917487, -0.0604618, 0.997855, 0.025083, 0.0106779, -0.0244809, 0.999643, 0
5372.04, -2.016, 0.915852, 0.230075, 3882, 2596, 1758, -0.00206256, 0.0184719, -0.0682945, 1744, 87, 2.2262, 0.997499, 0.0682033, 0.0185685, -0.0682298, 0.997669, 0.000797279, -0.0184709, -0.00206221, 0.999827, 0
5538.87, -0.350129, 0.0642101, 0.138727, 3878, 3854, 3160, 0.00377897, 0.0047686, -0.0608214, 305, 47, 0.382045, 0.99814, 0.0608015, 0.00453003, -0.0607833, 0.998143, -0.00406182, -0.00476859, 0.00377891, 0.999981, 0
5705.71, 0.365387, 0.388816, -0.564511, 3879, 2735, 2196, -0.00586985, 0.0169112, -0.0577524, 57, 6, 0.776762, 0.99819, 0.0576202, 0.0172207, -0.0577121, 0.998321, 0.00488397, -0.0169104, -0.00586897, 0.99984, 0
5872.54, -0.0777172, -0.946392, -0.313531, 3878, 2405, 1910, -0.0183803, 0.0115444, -0.0659228, 39, 0, 1, 0.997761, 0.0656522, 0.0127278, -0.0658707, 0.997673, 0.017579, -0.0115441, -0.0183781, 0.999764, 0
6039.37, -0.0840697, 0.947283, -0.309171, 3874, 2510, 2100, -0.00172541, 0.00748616, -0.0607925, 97, 0, 1, 0.998125, 0.0607421, 0.00757708, -0.0607534, 0.998152, 0.00126741, -0.00748609, -0.00172536, 0.99997, 0
6206.21, 0.0948532, 0.918645, -0.383528, 3882, 2085, 1848, -0.0120411, 0.00170718, -0.0531093, 13, 1, 1, 0.998589, 0.05306, 0.00234382, -0.0530843, 0.998519, 0.0119332, -0.00170718, -0.0120408, 0.999926, 0
6373.04, 0.539945, 0.776984, -0.32366, 3874, 2209, 1790, -0.0170647, 0.00705436, -0.0569429, 236, 0, 1, 0.998354, 0.0567837, 0.00801299, -0.0569107, 0.998241, 0.0166348, -0.0070543, -0.0170635, 0.99983, 0
6539.87, 2.88402, -0.845853, -0.555694, 3719, 2167, 1276, -0.00234737, 0.0141538, -0.0535709, 1244, 55, 3.05644, 0.998465, 0.053512, 0.0142586, -0.0535399, 0.998564, 0.00158616, -0.0141533, -0.00234713, 0.999897, 0
6706.71, 0.822962, -0.324769, -0.288007, 3858, 2380, 985, 0.00520678, 0.0213628, -0.069414, 912, 324, 0.930424, 0.997364, 0.0694683, 0.0209483, -0.0693425, 0.997571, -0.00667578, -0.0213612, 0.00520557, 0.999758, 0
6873.54, 0.661358, -0.195194, -0.28804, 3848, 2509, 1168, -0.00307259, 0.0238044, -0.0398135, 1030, 418, 0.747303, 0.998924, 0.0397297, 0.0239055, -0.0397917, 0.999206, 0.00212275, -0.0238022, -0.00307171, 0.999712, 0
7040.37, 1.3519, -0.474948, -0.289713, 3823, 2410, 979, 0.000131965, -0.0223869, -0.0446405, 961, 335, 1.4619, 0.998753, 0.0446227, -0.0223686, -0.0446145, 0.999004, 0.000867114, 0.022385, 0.000131932, 0.999749, 0
7207.21, 0.29217, -0.315192, -0.422238, 3840, 2371, 1674, -0.00906138, -0.0197293, -0.0443655, 1509, 452, 0.60249, 0.998822, 0.0445278, -0.0193059, -0.0443424, 0.998967, 0.00992726, 0.019728, -0.00905949, 0.999764, 0
7374.04, 0.0626112, -0.402627, -0.897796, 3830, 3342, 2800, 0.000359172, -0.0119238, -0.0446198, 1286, 425, 0.985934, 0.998934, 0.0446007, -0.0119276, -0.0446018, 0.999005, 0.000173032, 0.0119235, 0.000359146, 0.999929, 0
7540.87, 0.0431706, -0.112479, -0.989329, 3836, 3318, 2584, 0.00284335, -0.018911, -0.0304889, 1638, 391, 0.996637, 0.999357, 0.0304303, -0.0189877, -0.0304787, 0.999533, -0.00226558, 0.0189099, 0.00284284, 0.999817, 0
7707.71, -0.0213723, -0.0047951, -0.787869, 3825, 3543, 2809, -0.00324811, -0.0100629, -0.0226509, 1527, 671, 0.788173, 0.999693, 0.0226815, -0.00998658, -0.0226478, 0.999737, 0.00347518, 0.0100628, -0.00324794, 0.999944, 0
7874.54, -0.218757, -0.346337, -1.47189, 3850, 3330, 2005, -0.0088928, -0.0214207, -0.0133427, 1423, 652, 1.52783, 0.999682, 0.0135323, -0.0212976, -0.0133393, 0.999869, 0.00917766, 0.0214191, -0.00889064, 0.999731, 0
8041.37, 0.117249, -0.117947, -0.743087, 3860, 3166, 2101, -0.0164411, -0.0144963, -0.0167124, 1295, 709, 0.761471, 0.999755, 0.0169476, -0.014217, -0.0167099, 0.999721, 0.0166802, 0.0144958, -0.0164386, 0.99976, 0
8208.21, -0.0916471, 0.235457, -1.45308, 3873, 2490, 1790, -0.0162277, -0.0148037, -0.0203477, 1399, 745, 1.47488, 0.999683, 0.0205838, -0.0144679, -0.0203441, 0.999656, 0.0165248, 0.0148031, -0.0162252, 0.999759, 0
8375.04, -0.0128497, 0.108867, -0.616074, 3870, 3170, 1980, -0.0128755, -0.00494652, -0.0153474, 1274, 711, 0.625751, 0.99987, 0.0154092, -0.00474792, -0.0153466, 0.999798, 0.0129495, 0.0049465, -0.012875, 0.999905, 0
8541.88, 0.294098, 0.309923, -1.04325, 3874, 3081, 2378, -0.0185441, -0.00436524, -0.0170897, 1634, 840, 1.12735, 0.999844, 0.0171668, -0.00404696, -0.0170887, 0.999681, 0.0186149, 0.00436522, -0.0185429, 0.999819, 0
8708.71, 0.0919993, 0.720347, -0.910229, 3883, 3521, 2638, -0.00892663, 0.00204118, -0.0302399, 2167, 1147, 1.16442, 0.999541, 0.0302158, 0.00231006, -0.0302352, 0.999504, 0.00886072, -0.00204118, -0.00892649, 0.999958, 0
8875.54, 0.282545, -0.0145934, -0.697394, 3886, 3968, 3361, -0.0138176, 8.40666e-05, -0.0190412, 250, 77, 0.752598, 0.999819, 0.019037, 0.000347122, -0.01904, 0.999723, 0.013813, -8.40666e-05, -0.0138171, 0.999905, 0
9042.38, 0.180354, 0.587341, -0.788989, 3887, 2490, 1878, -0.0207852, -0.000579783, -0.0473619, 63, 0, 1, 0.998878, 0.047346, 0.00040498, -0.0473442, 0.998662, 0.0207878, 0.000579783, -0.0207837, 0.999784, 0
9209.21, 0.565286, 1.35503, -0.12161, 3878, 1649, 1482, -0.0111689, -0.00393939, -0.0600987, 835, 9, 1.47324, 0.998187, 0.0601027, -0.00326121, -0.060062, 0.99813, 0.011385, 0.00393938, -0.0111685, 0.99993, 0
9376.04, 0.366382, 0.899105, 0.0523879, 3861, 2864, 2400, -0.0128506, 0.0120086, -0.0591742, 1485, 570, 0.972302, 0.998178, 0.0589807, 0.0127463, -0.0591354, 0.998176, 0.0121177, -0.0120084, -0.0128493, 0.999845, 0
9542.88, -0.27413, 0.103493, 0.689366, 3850, 3416, 3012, -0.0119644, 0.00541414, -0.0337504, 302, 80, 0.749056, 0.999416, 0.0336769, 0.00581436, -0.0337435, 0.999361, 0.0117746, -0.00541412, -0.0119639, 0.999914, 0
9709.71, 0.0496822, 0.471974, -0.539806, 3851, 2553, 2209, -0.0154605, -0.00534315, -0.0468651, 51, 11, 0.718761, 0.998888, 0.0469248, -0.00461236, -0.0468473, 0.998779, 0.0156932, 0.00534312, -0.0154596, 0.999866, 0
9876.54, -1.90853, 0.696883, 0.0167897, 3861, 2294, 1815, 0.00312187, -0.00320251, -0.0610622, 1381, 38, 2.03185, 0.998131, 0.061014, -0.00338703, -0.061024, 0.998132, -0.00292062, 0.0032025, 0.00312185, 0.99999, 0
10043.4, -0.413317, -0.0319127, 0.449447, 3866, 3249, 2459, 0.0080122, -0.0313202, -0.0604487, 248, 99, 0.611435, 0.997684, 0.0601596, -0.0317409, -0.0603823, 0.998157, -0.00610574, 0.0313151, 0.00800819, 0.999477, 0
10210.2, -1.53705, 0.260747, 0.0947108, 3878, 1830, 1515, 0.0121816, -0.0215712, -0.0647594, 782, 137, 1.56188, 0.997672, 0.0644471, -0.0223111, -0.0646991, 0.997847, -0.01076, 0.0215696, 0.0121785, 0.999693, 0
10377, -0.726662, 0.462549, 0.25122, 3883, 2840, 2362, 0.0120525, -0.00954644, -0.0688379, 1314, 416, 0.897274, 0.997586, 0.0686638, -0.010352, -0.0687805, 0.997567, -0.0113671, 0.0095463, 0.0120516, 0.999882, 0
10543.9, -0.0753508, -0.775816, 0.552703, 3886, 3241, 2597, -0.00847915, -0.0229677, -0.0724289, 1052, 233, 0.955536, 0.997115, 0.0725572, -0.0222911, -0.0723465, 0.997328, 0.0101187, 0.0229657, -0.00847681, 0.9997, 0
10710.7, -1.19395, 0.707988, 0.396145, 3882, 3150, 2557, 0.0220101, 0.000767991, -0.0795452, 2542, 712, 1.4435, 0.996838, 0.079459, -0.000983438, -0.0794614, 0.996595, -0.0219998, -0.000767991, 0.0220084, 0.999757, 0
10877.5, -0.17582, -0.538766, 0.539101, 3891, 4233, 2949, -0.00525042, -0.00645865, -0.0763208, 1153, 629, 0.782184, 0.997068, 0.0762795, -0.00603939, -0.0762451, 0.997073, 0.00572755, 0.0064586, -0.00525028, 0.999965, 0
11044.4, 0.538893, 0.657994, 0.525964, 3897, 2938, 2322, 0.0108115, -0.00653746, -0.0695336, 89, 1, 1, 0.997562, 0.069403, -0.00727238, -0.0694761, 0.99753, -0.0103309, 0.00653742, 0.010811, 0.99992, 0
11211.2, -0.335375, -0.443475, 0.831176, 3897, 1936, 1482, 0.00572962, -0.00330809, -0.0710281, 186, 0, 1, 0.997473, 0.0709483, -0.00370631, -0.070968, 0.997464, -0.00548038, 0.00330808, 0.00572956, 0.999978, 0
11378, 0.212628, 0.784634, 0.582356, 3899, 2480, 1798, 0.00620681, 0.00657308, -0.0693584, 107, 0, 1, 0.997574, 0.0693422, 0.00612696, -0.0693013, 0.997574, -0.00664736, -0.00657304, 0.00620663, 0.999959, 0
11544.9, 0.885574, 0.945827, -0.552097, 3898, 2370, 1870, 0.0103052, -0.00495908, -0.061236, 1100, 18, 1.40842, 0.998113, 0.0611434, -0.00558015, -0.0611969, 0.998076, -0.00998227, 0.00495906, 0.0103049, 0.999935, 0
11711.7, 1.0786, 0.613124, -0.246889, 3904, 2684, 1680, -0.00841662, 0.0340568, -0.0381403, 1053, 383, 1.26501, 0.998693, 0.0378433, 0.0343452, -0.0381089, 0.999248, 0.00711208, -0.0340502, -0.00841164, 0.999385, 0
11878.5, -0.0541753, 0.218204, -0.671063, 3905, 3191, 2760, 0.012965, 0.00232878, -0.0496317, 456, 26, 0.707724, 0.998766, 0.0496373, 0.00168253, -0.0496111, 0.998683, -0.0130642, -0.00232878, 0.0129646, 0.999913, 0
12045.4, -0.428992, 0.702445, -0.556978, 3901, 2509, 1876, 0.0141772, 0.0162328, -0.0552463, 756, 89, 0.993825, 0.998343, 0.0554424, 0.0154229, -0.0552109, 0.998361, -0.0150513, -0.0162321, 0.0141749, 0.999768, 0
12212.2, 0.958464, 1.22073, -0.818499, 3897, 1903, 1382, 0.0289591, 0.0130576, -0.0283822, 1330, 210, 1.75465, 0.999512, 0.0287444, 0.0122248, -0.0283759, 0.999167, -0.0293137, -0.0130572, 0.0289525, 0.999496, 0
12379, 0.935297, 0.787081, -0.87513, 3885, 3089, 2283, 0.00860714, 0.0106227, -0.00614233, 2255, 803, 1.50337, 0.999925, 0.00623349, 0.0105691, -0.00614194, 0.999944, -0.00867212, -0.0106225, 0.00860655, 0.999907, 0
12545.9, 0.00229159, 0.386763, -0.53123, 3888, 3560, 2830, 0.0342932, 0.00749541, -0.00872938, 2782, 1269, 0.657112, 0.999934, 0.00898111, 0.00719136, -0.00872902, 0.999372, -0.0343505, -0.00749534, 0.0342855, 0.999384, 0
12712.7, 0.284377, 0.584103, -0.846219, 3898, 4420, 3468, 0.032062, -0.00388403, -0.0253893, 3327, 1864, 1.06683, 0.99967, 0.0252491, -0.00469458, -0.0253864, 0.999167, -0.0319476, 0.00388402, 0.0320563, 0.999479, 0
12879.5, 0.28508, 0.365761, -0.687426, 3896, 4898, 4176, 0.0183165, 0.00126196, -0.0259007, 3692, 2274, 0.82922, 0.999664, 0.0259166, 0.000786996, -0.0258978, 0.999496, -0.018342, -0.00126196, 0.0183155, 0.999831, 0
13046.4, 0.0200523, 0.608471, -0.825797, 3886, 5127, 4168, 0.0228809, 0.0100987, -0.0111251, 3958, 2609, 1.02595, 0.999887, 0.0113529, 0.00984075, -0.0111243, 0.999674, -0.0229898, -0.0100985, 0.0228777, 0.999687, 0
13213.2, -0.169255, 0.315642, -0.693415, 3882, 4123, 3592, 0.00970889, 0.00963843, -0.00284241, 2422, 1683, 0.780449, 0.99995, 0.00293585, 0.00961019, -0.00284228, 0.999949, -0.00973609, -0.00963828, 0.00970829, 0.999906, 0
13380, -0.416831, 0.692691, -1.08431, 3873, 4097, 3436, 0.0159339, 0.0107219, -0.0142055, 3131, 1714, 1.35251, 0.999842, 0.0143741, 0.0104929, -0.0142042, 0.99977, -0.0160839, -0.0107217, 0.0159323, 0.999816, 0
13546.9, 0.104118, 0.0157176, -1.0609, 3833, 3906, 2395, 0.0245983, 0.0111242, -0.0182133, 2133, 1125, 1.06611, 0.999772, 0.0184803, 0.0106708, -0.0182111, 0.999527, -0.0247943, -0.011124, 0.0245943, 0.999636, 0
13713.7, -0.0910819, 0.281003, -0.652346, 3715, 3548, 3108, 0.0150819, 0.00494628, -0.0140263, 2502, 1177, 0.71611, 0.999889, 0.0140988, 0.00473368, -0.0140257, 0.999787, -0.0151493, -0.00494626, 0.0150812, 0.999874, 0
13880.5, -0.177758, -0.183307, -0.813391, 3698, 3973, 3340, 0.00433397, 0.00207789, -0.00645024, 2236, 1163, 0.852528, 0.999977, 0.00645914, 0.00204987, -0.00645018, 0.99997, -0.00434727, -0.00207789, 0.00433395, 0.999988, 0
14047.4, -0.184385, 0.05865, -0.909046, 3810, 3765, 3034, 0.013845, 0.000574185, -0.00642816, 1649, 847, 0.92941, 0.999979, 0.00643545, 0.000485123, -0.00642811, 0.999883, -0.013848, -0.000574185, 0.0138446, 0.999904, 0
14214.2, -0.387129, 0.228238, -0.893517, 3829, 2950, 2310, 0.012019, -0.000514669, -0.0234972, 1209, 661, 1.00017, 0.999724, 0.0234872, -0.000796869, -0.023495, 0.999652, -0.0120033, 0.000514669, 0.0120187, 0.999928, 0
14381, -0.301372, 0.759093, -0.459202, 3799, 3058, 2648, 0.0146167, 0.000455688, -0.0405787, 1317, 617, 0.93697, 0.999177, 0.0405699, -0.00013768, -0.0405676, 0.99907, -0.0146227, -0.000455688, 0.0146162, 0.999893, 0
14547.9, -0.269384, 0.388034, -0.763557, 3804, 3053, 2179, 0.00145046, 0.00864332, -0.0455559, 227, 58, 0.897862, 0.998925, 0.0455526, 0.00856819, -0.0455384, 0.998961, -0.00184257, -0.00864322, 0.00145041, 0.999962, 0
14714.7, -1.25099, -0.385187, -0.302943, 3834, 1997, 1338, -0.000864678, 0.0029599, -0.0543565, 1007, 59, 1.34354, 0.998519, 0.0543271, 0.0030025, -0.0543295, 0.998523, 0.000702591, -0.00295989, -0.000864674, 0.999995, 0
14881.5, -0.574098, -0.156256, -0.456202, 3826, 2811, 2127, 0.00834904, -0.0110386, -0.0648969, 388, 68, 0.74975, 0.997834, 0.0647572, -0.0115562, -0.0648474, 0.997866, -0.00761554, 0.0110384, 0.00834844, 0.999904, 0
15048.4, -0.504296, 0.336736, 0.435259, 3847, 2300, 1711, 0.00250182, -0.00998304, -0.066293, 76, 16, 0.746429, 0.997754, 0.0662193, -0.0101266, -0.0662412, 0.997802, -0.00183502, 0.00998287, 0.0025017, 0.999947, 0
15215.2, -1.18273, 0.144399, -0.106195, 3833, 1772, 1437, 0.000858576, 0.00757982, -0.0676968, 533, 11, 1.19623, 0.997681, 0.0676516, 0.0075043, -0.0676431, 0.997709, -0.00136934, -0.00757975, 0.000858551, 0.999971, 0
15382, -0.248345, 0.58825, 0.568941, 3838, 2327, 1694, -0.00373593, 0.0149661, -0.0705508, 95, 22, 0.855223, 0.997401, 0.0704361, 0.0151915, -0.0704844, 0.997509, 0.00267168, -0.0149655, -0.0037355, 0.999881, 0
15548.9, 0.135246, 0.490284, 0.861005, 3880, 1598, 308, -0.00737491, -0.0226638, -0.0370468, 231, 1, 1, 0.999057, 0.0372044, -0.0223725, -0.0370288, 0.99928, 0.00820912, 0.0226618, -0.00737295, 0.999716, 0
15715.7, -0.0481272, -0.140315, 0.321801, 3880, 1931, 1133, -0.0177349, 0.0083229, -0.0336171, 505, 54, 0.354345, 0.9994, 0.033458, 0.00891285, -0.0336096, 0.999283, 0.0174443, -0.00832281, -0.0177334, 0.999808, 0
15882.5, -0.228441, 0.274218, -0.278097, 3888, 2443, 1552, -0.0260729, -0.00156891, -0.0663294, 67, 25, 0.452459, 0.9978, 0.0662991, 0.000163013, -0.0662807, 0.997459, 0.0261165, 0.0015689, -0.0260699, 0.999659, 0
16049.4, 0.703961, -0.636852, -0.314418, 3739, 2051, 1226, 0.00976113, 0.0193801, -0.0537753, 167, 0, 1, 0.998367, 0.0539357, 0.0188253, -0.0537393, 0.998497, -0.0107884, -0.0193789, 0.00975914, 0.999765, 0
16216.2, 1.03747, -0.29327, -0.219787, 3874, 1565, 1013, 0.0106229, 0.0119958, -0.0428573, 512, 55, 1.1003, 0.99901, 0.042969, 0.0115287, -0.0428411, 0.99902, -0.0111269, -0.0119955, 0.010622, 0.999872, 0
16383, 1.39086, -0.377328, -0.454528, 3867, 2369, 1095, 0.0123556, 0.0166211, -0.0525676, 865, 187, 1.51111, 0.998481, 0.0527444, 0.0159469, -0.0525361, 0.998532, -0.0132115, -0.0166203, 0.0123536, 0.999786, 0
16549.9, 0.949046, 0.225948, -0.372061, 3841, 2254, 1238, -0.0104124, 0.00869528, -0.0575672, 1146, 355, 1.04411, 0.998306, 0.0574419, 0.00927937, -0.0575332, 0.998295, 0.00989471, -0.00869517, -0.0104118, 0.999908, 0
16716.7, 0.0512464, 0.356047, -0.489129, 3868, 2907, 2268, -0.0116669, -0.00607494, -0.0542475, 228, 95, 0.607159, 0.998511, 0.054288, -0.00543298, -0.0542199, 0.998457, 0.0119788, 0.0060749, -0.0116664, 0.999913, 0
16883.6, 0.243461, 0.163474, -0.60868, 3871, 2265, 1625, -0.023618, -0.00643779, -0.0433554, 224, 75, 0.675639, 0.99904, 0.0434817, -0.00540635, -0.043341, 0.998775, 0.0238725, 0.00643774, -0.0236153, 0.9997, 0
17050.4, -0.976401, 0.0403252, -0.597738, 3883, 2324, 1357, -0.0135356, -0.0104693, -0.0343517, 404, 49, 1.14555, 0.999355, 0.0344834, -0.0099971, -0.034343, 0.999314, 0.0138867, 0.0104691, -0.0135345, 0.999854, 0
17217.2, -1.77264, -0.910437, -0.512238, 3890, 1620, 1198, -0.0165142, -0.00240062, -0.0311186, 1193, 79, 2.05755, 0.999513, 0.031149, -0.00188534, -0.0311135, 0.999378, 0.0165801, 0.00240062, -0.0165134, 0.999861, 0
17384.1, -0.761871, -0.381159, -0.420212, 3892, 2951, 1797, -0.0109137, -0.0189337, -0.0276054, 1753, 644, 0.949898, 0.99944, 0.0278068, -0.018623, -0.027597, 0.999554, 0.0114318, 0.0189326, -0.0109115, 0.999761, 0
17550.9, -0.394842, -0.112807, -0.536059, 3887, 3578, 2498, -0.0086709, -0.0124944, -0.0246377, 1845, 879, 0.675267, 0.999618, 0.0247426, -0.0122762, -0.0246333, 0.999656, 0.00897594, 0.012494, -0.00867011, 0.999884, 0
17717.7, -0.646294, -0.0146569, -0.715843, 3891, 3849, 2360, -0.00961046, -0.00716217, -0.0189552, 1969, 1007, 0.964543, 0.999795, 0.019022, -0.00697834, -0.0189536, 0.999773, 0.00974433, 0.00716211, -0.00961007, 0.999928, 0
17884.6, -0.490671, -0.075696, -0.678419, 3892, 3364, 994, -0.0189021, -0.0193925, -0.000362265, 627, 338, 0.840678, 0.999812, 0.000728714, -0.019381, -0.000362197, 0.999821, 0.018908, 0.0193913, -0.0188974, 0.999633, 0
18051.4, -0.330079, -0.080911, -0.673745, 3897, 2276, 998, -0.0127915, -0.0229309, -0.00664671, 574, 193, 0.754606, 0.999715, 0.0069394, -0.0228415, -0.00664491, 0.999894, 0.0129433, 0.0229289, -0.0127878, 0.999655, 0
18218.2, 0.200073, -0.0211195, -0.752034, 3893, 2024, 504, -0.0174788, -0.0355596, -0.0255776, 218, 77, 0.778479, 0.999041, 0.0261921, -0.035088, -0.0255586, 0.999504, 0.0183813, 0.0355521, -0.0174668, 0.999215, 0
18385.1, -0.190746, 0.130665, -0.962125, 3890, 2002, 705, -0.017792, -0.0247131, -0.031175, 381, 107, 0.989516, 0.999209, 0.0316044, -0.0241401, -0.0311604, 0.999342, 0.0185525, 0.0247106, -0.0177856, 0.999536, 0
18551.9, 0.118375, 0.0506228, -1.00583, 3889, 2711, 1482, -0.0227843, -0.0141751, -0.0269583, 733, 164, 1.01404, 0.999536, 0.0272708, -0.0135517, -0.0269523, 0.999368, 0.0231561, 0.0141747, -0.0227801, 0.99964, 0
18718.7, -0.0468137, 0.0678349, -1.12983, 3887, 2939, 1965, -0.0166429, -0.0113513, -0.0240257, 1263, 384, 1.13283, 0.999647, 0.0242089, -0.0109464, -0.0240218, 0.999568, 0.01691, 0.011351, -0.0166411, 0.999797, 0
18885.6, -0.301636, 0.0623896, -0.713542, 3881, 3517, 2253, -0.0132646, -0.0153121, -0.0365247, 973, 409, 0.777186, 0.999216, 0.0367163, -0.0148156, -0.0365123, 0.999238, 0.0138144, 0.0153115, -0.0132626, 0.999795, 0
19052.4, -0.671199, -0.127703, -0.39241, 3881, 3001, 2315, -0.00724363, -0.0285584, -0.048427, 624, 245, 0.78791, 0.99842, 0.0486134, -0.0281696, -0.0483883, 0.998791, 0.00861731, 0.0285545, -0.00724061, 0.999566, 0
19219.2, 0.385824, -0.873835, -0.686686, 3883, 2462, 1878, 0.0107351, -0.0158083, -0.0511471, 207, 95, 1.17643, 0.998567, 0.0509524, -0.0163348, -0.0511184, 0.998643, -0.00991273, 0.0158076, 0.0107335, 0.999817, 0
19386.1, 1.58913, -0.208712, -0.265988, 3885, 2340, 1621, 0.0238276, 0.00387478, -0.0652664, 960, 19, 1.6247, 0.997863, 0.0652937, 0.00231153, -0.0652196, 0.997582, -0.0240273, -0.00387477, 0.0238252, 0.999709, 0
19552.9, 1.12851, -0.0419379, 0.27705, 3889, 3033, 2240, 0.0174711, -0.000673978, -0.0661979, 1836, 590, 1.16278, 0.997809, 0.0661277, -0.00182805, -0.0661496, 0.997658, -0.0173874, 0.000673978, 0.0174702, 0.999847, 0
19719.7, 0.618327, 0.0599446, 0.292968, 3892, 3501, 2151, 0.00883851, 0.0285793, -0.0794162, 727, 336, 0.686842, 0.996441, 0.0795815, 0.0277831, -0.0793004, 0.996789, -0.0110774, -0.0285754, 0.00883479, 0.999553, 0
19886.6, 1.01051, -0.031241, 0.235073, 3890, 2771, 1999, 0.00117826, 0.0109484, -0.0659949, 1119, 445, 1.03796, 0.997763, 0.0659599, 0.0108466, -0.0659431, 0.997822, -0.0018977, -0.0109482, 0.00117819, 0.999939, 0
20053.4, 0.591087, 0.301983, -0.4132, 3895, 3698, 2646, 0.00445785, 0.00653978, -0.0594081, 202, 39, 0.781865, 0.998215, 0.0594016, 0.00626346, -0.0593719, 0.998224, -0.00483825, -0.00653973, 0.00445774, 0.999969, 0
20220.2, 0.724398, 0.669067, -0.166123, 3889, 1702, 1427, 0.00365408, -0.000530744, -0.0593787, 2, 0, 1, 0.998237, 0.0593414, -0.000746651, -0.0593438, 0.998231, -0.00361613, 0.000530744, 0.00365407, 0.999993, 0
20387.1, -0.282755, -0.375976, 0.882435, 3888, 2679, 2122, 0.00801746, -0.0094994, -0.0656031, 226, 0, 1, 0.997804, 0.0654779, -0.0100041, -0.0655531, 0.997822, -0.00737742, 0.00949926, 0.00801702, 0.999923, 0
20553.9, 0.0904291, 0.350632, 0.97071, 3889, 2760, 1784, 0.0135943, -0.00664806, -0.0820219, 550, 7, 1.03605, 0.996616, 0.0818323, -0.00773879, -0.0819282, 0.996553, -0.0130035, 0.00664801, 0.0135936, 0.999886, 0
20720.7, -0.272449, -0.834187, 0.68882, 3892, 2891, 2109, 0.00387262, -0.0219769, -0.0571184, 648, 112, 1.1156, 0.998128, 0.0570019, -0.0221602, -0.0570735, 0.998367, -0.0026118, 0.0219751, 0.00387167, 0.999751, 0
20887.6, -0.930705, -0.170748, 0.151071, 3891, 3115, 2327, 0.0162223, -0.0285525, -0.0600781, 334, 108, 0.958222, 0.997789, 0.0595718, -0.0294674, -0.0600175, 0.998092, -0.0144784, 0.0285487, 0.016215, 0.999461, 0
21054.4, -0.7733, -0.220002, -0.401015, 3739, 2953, 2330, 0.0179969, -0.0352411, -0.0414099, 78, 24, 0.898447, 0.998522, 0.0407579, -0.0359429, -0.0413724, 0.999007, -0.0165221, 0.0352338, 0.0179847, 0.999217, 0
21221.2, -1.74433, -0.436723, -0.740063, 3890, 1690, 1309, 0.0195275, -0.0258626, -0.0412786, 160, 24, 1.9445, 0.998814, 0.0407545, -0.0266385, -0.0412531, 0.998979, -0.0184426, 0.0258597, 0.0195197, 0.999475, 0
21388.1, -0.436427, 0.0998423, -0.464155, 3890, 2948, 2048, 0.0265121, -0.0227045, -0.0551654, 66, 7, 0.644885, 0.998221, 0.0545172, -0.0241217, -0.0551233, 0.998161, -0.0252173, 0.0227026, 0.0265022, 0.999391, 0
21554.9, -0.793641, -0.147352, -0.646799, 3891, 2933, 2032, 0.0232643, -0.0144618, -0.0444561, 233, 8, 1.03437, 0.998908, 0.0440934, -0.0154769, -0.0444368, 0.998757, -0.0225967, 0.0144613, 0.0232598, 0.999625, 0
21721.7, 0.491242, -0.265353, -0.802355, 3888, 2959, 2149, 0.0198922, 0.0135341, -0.0367788, 339, 13, 0.977499, 0.999232, 0.0370323, 0.0127904, -0.0367672, 0.999116, -0.020375, -0.0135337, 0.0198891, 0.999711, 0
21888.6, 0.476039, 0.949879, -1.02691, 3886, 2570, 1378, 0.00241959, 0.00392232, -0.0301247, 668, 21, 1.47764, 0.999539, 0.0301296, 0.00384764, -0.0301199, 0.999543, -0.00253663, -0.00392231, 0.00241957, 0.999989, 0
22055.4, 0.00385149, 1.12033, -0.880776, 3739, 2575, 1628, 0.00693796, 0.0176507, -0.0339316, 1451, 307, 1.42511, 0.999269, 0.0340466, 0.0174038, -0.0339198, 0.999396, -0.00753267, -0.0176497, 0.00693682, 0.99982, 0
22222.2, 0.395499, -0.339193, -0.472033, 3892, 2796, 2040, 0.0194225, 0.0101012, -0.00648575, 1000, 326, 0.703055, 0.999928, 0.00668065, 0.00997291, -0.00648538, 0.999789, -0.0194863, -0.010101, 0.0194202, 0.99976, 0
22389.1, 0.106177, 0.21466, -1.0577, 3888, 3087, 2650, 0.0181781, 0.000629032, -0.0103412, 2090, 649, 1.08447, 0.999946, 0.0103507, 0.000440925, -0.010341, 0.999781, -0.0181826, -0.000629032, 0.0181771, 0.999835, 0
22555.9, 0.231852, 0.86392, -0.869254, 3884, 3585, 1897, 0.00666134, 0.012945, -0.0195759, 1449, 622, 1.24728, 0.999725, 0.0196604, 0.0128115, -0.019573, 0.999785, -0.00691339, -0.0129446, 0.00666073, 0.999894, 0
22722.7, 0.472789, 0.671234, -0.701052, 3875, 2943, 1818, -0.00120772, 0.00900387, -0.0109723, 1521, 722, 1.07961, 0.999899, 0.0109612, 0.00901645, -0.0109717, 0.999939, 0.00110886, -0.00900375, -0.00120767, 0.999959, 0
22889.6, -0.34266, 1.82906, -0.655394, 3877, 3002, 1357, 0.0197949, 0.0165224, 0.00247499, 1321, 621, 1.97292, 0.99986, -0.00214748, 0.0165674, 0.00247465, 0.999802, -0.0197527, -0.0165217, 0.019791, 0.999668, 0
23056.4, 0.114747, 0.561063, -0.339445, 3874, 3319, 2162, 0.0127445, 0.00647357, -0.0198376, 2086, 916, 0.665719, 0.999782, 0.0199172, 0.00621893, -0.0198359, 0.99972, -0.0128701, -0.00647352, 0.0127439, 0.999898, 0
23223.2, -0.719435, 0.36218, -0.441777, 3872, 2833, 1913, 0.00801842, -0.00543299, -0.0178359, 1835, 1020, 0.918655, 0.999826, 0.0177908, -0.00557493, -0.0178347, 0.99981, -0.00792017, 0.00543297, 0.00801822, 0.999953, 0
23390.1, -0.436208, 0.359224, -0.545852, 3867, 3526, 2983, 0.015425, 0.00463007, -0.0154325, 2910, 1330, 0.785668, 0.99987, 0.0155014, 0.00439092, -0.0154317, 0.999761, -0.015494, -0.00463005, 0.0154242, 0.99987, 0
23556.9, -0.42705, 0.292138, -0.458655, 3864, 4621, 3371, 0.00373935, -0.015354, -0.0336876, 1984, 1175, 0.691434, 0.999315, 0.0336236, -0.0154705, -0.0336773, 0.999428, -0.0032201, 0.0153534, 0.0037389, 0.999875, 0
23723.7, -1.90636, 1.53131, -0.503937, 3716, 3382, 2712, 0.0174492, 0.0111087, -0.0285258, 2708, 1296, 2.49661, 0.999531, 0.0287113, 0.0106046, -0.0285202, 0.999435, -0.017758, -0.0111085, 0.0174472, 0.999786, 0
23890.6, 0.242496, -0.577338, -0.42536, 3868, 3714, 2954, 0.0152522, 0.000762666, -0.0187755, 2923, 1543, 0.757004, 0.999823, 0.0187838, 0.000476103, -0.0187744, 0.999707, -0.0152633, -0.000762666, 0.0152516, 0.999883, 0
24057.4, 0.0635819, -0.240575, -0.51084, 3723, 4405, 3296, 0.0240288, 0.00685959, -0.0315665, 2167, 1224, 0.568222, 0.999478, 0.0317169, 0.00609583, -0.0315605, 0.999208, -0.024231, -0.00685953, 0.024026, 0.999688, 0
24224.2, 0.246012, 0.0827992, -0.591738, 3864, 2620, 2261, 0.00869167, 0.000951117, -0.0471872, 665, 312, 0.646166, 0.998886, 0.0471762, 0.000540044, -0.0471697, 0.998849, -0.00872675, -0.000951117, 0.00869155, 0.999962, 0
24391.1, -0.368551, -0.0815787, -1.12222, 3867, 2812, 1719, 0.0200505, 0.0114819, -0.0415073, 905, 226, 1.184, 0.999073, 0.0417171, 0.0106376, -0.0414927, 0.998928, -0.0205082, -0.0114817, 0.0200478, 0.999733, 0
24557.9, 0.441637, -0.985407, -0.666476, 3868, 2811, 2091, 0.0124668, 0.00164008, -0.043571, 1693, 420, 1.26896, 0.99905, 0.0435742, 0.0010954, -0.0435571, 0.998972, -0.012526, -0.00164008, 0.0124664, 0.999921, 0
24724.7, 0.0352071, 0.289385, -0.640592, 3867, 3207, 2291, 0.00312107, 0.0017312, -0.055972, 214, 49, 0.703805, 0.998432, 0.0559479, 0.00155388, -0.0559427, 0.998429, -0.00321302, -0.0017312, 0.00312106, 0.999994, 0
24891.6, 0.178684, 0.0689981, 0.164263, 3862, 2299, 1732, -0.00182692, 0.0129416, -0.0583519, 39, 2, 0.252331, 0.998214, 0.0582951, 0.0130257, -0.0583139, 0.998298, 0.0010691, -0.0129412, -0.00182677, 0.999915, 0
25058.4, -0.520498, -0.099343, 0.848064, 3868, 2322, 1692, -0.00112371, 0.00801806, -0.0546394, 96, 0, 1, 0.998476, 0.0546032, 0.00806737, -0.0546104, 0.998508, 0.000684158, -0.00801798, -0.00112368, 0.999967, 0
25225.2, -0.809598, -0.0766266, 0.581962, 3865, 1612, 1376, -0.00266213, 0.00365507, -0.0658045, 31, 0, 1, 0.997829, 0.0657471, 0.00382219, -0.0657566, 0.997833, 0.00241602, -0.00365506, -0.00266211, 0.99999, 0
25392.1, 0.668007, -0.52864, 0.523742, 3872, 2202, 1114, 0.0269512, 0.0303289, -0.0676007, 88, 0, 1, 0.997257, 0.06834, 0.0284237, -0.0675182, 0.997298, -0.0289341, -0.0303242, 0.0269356, 0.999177, 0
25558.9, 1.0775, 0.0289341, -0.387469, 3872, 1938, 1287, 0.00983338, 0.0206157, -0.0656762, 322, 15, 1.14542, 0.997632, 0.0658281, 0.0199234, -0.065615, 0.997783, -0.0111648, -0.0206142, 0.00983113, 0.999739, 0
25725.7, -0.928928, 0.259156, -0.280961, 3871, 2366, 1562, 0.0120628, 0.018892, -0.0728125, 146, 7, 1.00449, 0.997172, 0.0729701, 0.017962, -0.0727352, 0.997261, -0.0134047, -0.0188909, 0.0120603, 0.999749, 0
25892.6, -1.0248, 0.107671, 0.196986, 3864, 2346, 1586, -0.00362155, -0.00176186, -0.0661158, 288, 24, 1.0491, 0.997814, 0.0660735, -0.00151873, -0.0660675, 0.997808, 0.00373003, 0.00176186, -0.00362153, 0.999992, 0
26059.4, 1.17745, 0.0588722, -0.127255, 3865, 2309, 1606, -0.00105832, 0.00332426, -0.0552463, 1135, 94, 1.18577, 0.998469, 0.0552146, 0.00337762, -0.0552179, 0.998474, 0.000873144, -0.00332426, -0.00105831, 0.999994, 0
26226.2, 0.938184, -0.0853862, -0.125374, 3865, 2209, 1859, -0.00317643, 0.00566477, -0.048084, 979, 361, 0.950368, 0.998828, 0.0480472, 0.00581084, -0.0480647, 0.99884, 0.00290047, -0.00566474, -0.00317637, 0.999979, 0
26393.1, 1.21667, 1.14574, -0.748541, 3712, 2634, 1567, -0.0049607, 0.00448681, -0.0509927, 1546, 382, 1.83121, 0.99869, 0.0509477, 0.00473376, -0.0509701, 0.998689, 0.00472554, -0.00448679, -0.00496063, 0.999978, 0
26559.9, 0.61121, 0.150759, 0.169703, 3856, 2760, 1916, -0.00203662, 0.0199604, -0.0683985, 1359, 587, 0.652001, 0.997463, 0.0683045, 0.0200516, -0.0683316, 0.997662, 0.000667747, -0.0199591, -0.00203621, 0.999799, 0
26726.7, 0.481248, 0.524423, -0.1167, 3701, 2898, 2265, -0.0104182, 0.0138951, -0.06344, 1034, 479, 0.721275, 0.997892, 0.0632496, 0.0145264, -0.0633914, 0.997943, 0.00951626, -0.0138946, -0.0104171, 0.999849, 0
26893.6, 0.891372, 0.441799, 0.123244, 3696, 2860, 2126, -0.0186556, 0.0213631, -0.0500989, 928, 467, 1.00246, 0.998517, 0.0496713, 0.0222652, -0.0500665, 0.998591, 0.0175616, -0.0213615, -0.0186503, 0.999598, 0
27060.4, -0.456615, 1.12656, -0.148021, 3697, 2475, 1622, -0.022602, -0.00253517, -0.0418837, 1225, 477, 1.22456, 0.99912, 0.041918, -0.001586, -0.0418713, 0.998865, 0.0226864, 0.00253517, -0.0226, 0.999741, 0
27227.2, -0.207489, 0.211653, -0.610701, 3849, 2126, 1432, -0.0187829, -0.0226761, -0.0429704, 470, 258, 0.678825, 0.99882, 0.0433751, -0.0218424, -0.0429461, 0.998882, 0.0197383, 0.0226741, -0.018777, 0.999567, 0
27394.1, 0.304651, 0.0129185, -1.10721, 3840, 2683, 1703, -0.0194224, -0.0120999, -0.0415162, 1063, 304, 1.14843, 0.999065, 0.0417312, -0.0112808, -0.0415013, 0.99894, 0.0199065, 0.0120996, -0.0194197, 0.999738, 0
27560.9, -0.632528, -1.3578, -0.893745, 3852, 2804, 995, 0.00431585, -0.00269079, -0.0325037, 851, 137, 1.74427, 0.999468, 0.0324861, -0.0028296, -0.0324979, 0.999463, -0.00422611, 0.00269079, 0.00431582, 0.999987, 0
27727.7, -1.15575, -1.41324, -0.669101, 3862, 2062, 999, 0.00808138, -0.021897, -0.0203815, 975, 366, 1.9444, 0.999553, 0.0202025, -0.0220547, -0.0203752, 0.999763, -0.0076334, 0.0218953, 0.00807935, 0.999728, 0
27894.6, 0.671464, 0.955213, -0.324481, 3693, 2233, 504, -0.0568341, -0.0152559, -0.0115797, 460, 151, 1.21185, 0.999817, 0.0124272, -0.0145719, -0.0115781, 0.998308, 0.0569761, 0.0152553, -0.0567969, 0.998269, 0
28061.4, -0.329166, -0.728634, -0.151588, 3849, 1605, 619, 0.00349147, -0.0145726, -0.0136736, 578, 147, 0.813779, 0.9998, 0.0136223, -0.0146184, -0.0136718, 0.999901, -0.00329189, 0.0145721, 0.00349109, 0.999888, 0
28228.2, -0.164906, -0.411015, -0.199954, 3850, 1843, 1186, -0.0100369, -0.0174088, -0.0218595, 1162, 376, 0.48591, 0.99961, 0.0220314, -0.0171835, -0.0218545, 0.999707, 0.0104148, 0.0174079, -0.0100352, 0.999798, 0
28395.1, 1.8033, 1.06218, -0.469163, 3664, 2367, 1223, -0.0230866, 0.00898386, -0.0265472, 1207, 559, 2.14481, 0.999607, 0.0263297, 0.00959094, -0.0265431, 0.999387, 0.022838, -0.00898374, -0.0230836, 0.999693, 0
28561.9, 0.341106, -0.0713005, -0.257844, 3795, 2392, 1564, -0.0132253, 0.0120792, -0.0326829, 1447, 650, 0.433498, 0.999393, 0.0325146, 0.0125035, -0.0326747, 0.999384, 0.0128231, -0.0120789, -0.0132239, 0.99984, 0
28728.7, 0.062069, -0.334544, -0.445667, 3793, 3307, 2312, -0.0103454, 0.00102167, -0.0283521, 721, 187, 0.560706, 0.999598, 0.0283362, 0.00131447, -0.0283483, 0.999545, 0.0103121, -0.00102167, -0.0103452, 0.999946, 0
28895.6, 1.32585, -0.446064, -0.680113, 3769, 2669, 1877, -0.0107316, -0.00573096, -0.0479454, 1733, 319, 1.55544, 0.998834, 0.0479857, -0.00520969, -0.0479263, 0.99879, 0.0109937, 0.00573093, -0.0107312, 0.999926, 0
29062.4, 0.121922, -0.346509, 0.344244, 3774, 3205, 1547, 0.0194942, 0.0233831, -0.052216, 257, 80, 0.503425, 0.998364, 0.0526375, 0.0223273, -0.0521781, 0.998424, -0.0206865, -0.023381, 0.0194876, 0.999537, 0
29229.2, -1.00632, 1.64027, -0.281736, 3762, 1298, 750, -0.0218801, -0.00712538, -0.0557839, 377, 19, 1.94488, 0.998419, 0.0558973, -0.0058927, -0.0557536, 0.998197, 0.0222415, 0.00712532, -0.0218778, 0.999735, 0
29396.1, -1.23859, -0.157821, 0.306442, 3772, 1952, 1071, -0.00320242, -0.0191906, -0.0641039, 828, 145, 1.28566, 0.997762, 0.064121, -0.0189448, -0.0640482, 0.997937, 0.00442511, 0.0191895, -0.00320183, 0.999811, 0
29562.9, -0.894144, -0.0734648, 0.341573, 3793, 2291, 1325, -0.00339288, -0.0229055, -0.0631895, 1120, 387, 0.95998, 0.997742, 0.0632247, -0.0226434, -0.0631309, 0.997994, 0.00483239, 0.0229035, -0.00339198, 0.999732, 0
29729.7, 1.79699, -0.549508, 0.117736, 3792, 2515, 888, 0.00860847, -0.00984399, -0.0816132, 832, 327, 1.88282, 0.996623, 0.0814352, -0.0105125, -0.0815187, 0.996641, -0.00777724, 0.00984383, 0.00860794, 0.999914, 0
29896.6, -0.151355, -0.497526, 0.275007, 3814, 2312, 1081, 0.0130023, -0.0199475, -0.0818359, 923, 360, 0.588277, 0.996455, 0.0814792, -0.0209405, -0.0817283, 0.99659, -0.0113281, 0.0199461, 0.0129994, 0.999717, 0
30063.4, -0.201156, -0.0774671, 0.670079, 3813, 2534, 1484, 0.0189041, -0.0169992, -0.0556483, 324, 103, 0.703897, 0.998308, 0.0552888, -0.0180204, -0.0556115, 0.998292, -0.0179284, 0.0169984, 0.0189002, 0.999677, 0
30230.2, 0.470102, 0.903237, 0.225805, 3819, 1477, 948, 0.00437604, -0.0140597, -0.0726204, 469, 44, 1.04299, 0.997266, 0.0724945, -0.0143396, -0.0725494, 0.997359, -0.00334441, 0.0140592, 0.00437559, 0.999892, 0
30397.1, -0.0420542, 0.857764, 0.347505, 3812, 2027, 1298, -0.00467821, -0.00239383, -0.0675821, 220, 77, 0.926438, 0.997714, 0.0675411, -0.00207241, -0.0675304, 0.997706, 0.00482917, 0.00239382, -0.00467818, 0.999986, 0
30563.9, 0.0111878, 0.727125, 0.68961, 3823, 2191, 1073, -0.00438035, -0.0112957, -0.0953245, 254, 72, 1.0022, 0.995397, 0.0952285, -0.0108272, -0.0951741, 0.995446, 0.00543554, 0.0112955, -0.00438005, 0.999927, 0
30730.7, -1.00935, 0.348389, 0.184456, 3830, 1981, 1143, 0.0107733, -0.0119303, -0.086093, 877, 92, 1.0836, 0.996225, 0.0858537, -0.0128115, -0.0859806, 0.99625, -0.00970744, 0.0119301, 0.0107723, 0.999871, 0
30897.6, -0.335598, 0.555534, 0.869165, 3832, 2588, 1695, -0.000438746, -0.00769951, -0.0686914, 253, 73, 1.08475, 0.997612, 0.0686407, -0.00765116, -0.0686353, 0.997641, 0.00096618, 0.00769943, -0.000438733, 0.99997, 0
31064.4, 1.52635, 1.56665, 0.126241, 3833, 1915, 1069, 0.000847101, 0.0043473, -0.0703907, 958, 31, 2.19091, 0.997514, 0.0703362, 0.00427694, -0.0703319, 0.997523, -0.00115076, -0.00434729, 0.000847093, 0.99999, 0
31231.2, 0.372316, 0.326749, 0.0146392, 3839, 2285, 1432, -0.0133825, 0.0138715, -0.0662933, 473, 174, 0.495579, 0.997707, 0.0660536, 0.0147258, -0.0662384, 0.997726, 0.012434, -0.013871, -0.0133809, 0.999814, 0
31398.1, 0.21571, 0.640234, -0.247965, 3837, 2074, 1376, -0.000413836, -0.00495629, -0.0557108, 375, 110, 0.719665, 0.998436, 0.0556841, -0.00492554, -0.0556813, 0.998448, 0.000689169, 0.00495627, -0.000413831, 0.999988, 0
31564.9, -0.214093, 1.05504, -0.617216, 3844, 2048, 1255, -0.00804711, -0.00545527, -0.0510306, 482, 148, 1.24093, 0.998683, 0.0510507, -0.00503749, -0.0510077, 0.998664, 0.00831481, 0.00545524, -0.00804691, 0.999953, 0
31731.7, 0.167661, 2.28885, -0.95465, 3829, 2246, 1037, 0.00139245, -0.0103142, -0.0324156, 897, 214, 2.48562, 0.999421, 0.0323955, -0.0103538, -0.0324082, 0.999474, -0.00105744, 0.0103141, 0.00139237, 0.999946, 0
31898.6, -0.139747, 0.265068, -0.262545, 3833, 2339, 1656, 0.01497, 0.00354311, -0.0265311, 616, 173, 0.398397, 0.999642, 0.0265781, 0.00314434, -0.0265278, 0.999535, -0.0150582, -0.0035431, 0.0149694, 0.999882, 0
32065.4, 0.278372, 0.553903, -0.805732, 3815, 2460, 1770, 0.0243401, -0.00334379, -0.032927, 1123, 249, 1.01661, 0.999452, 0.03283, -0.00414221, -0.0329209, 0.999165, -0.0242145, 0.00334379, 0.0243376, 0.999698, 0
32232.2, -0.692176, 0.916432, -0.610944, 3840, 1870, 1358, 0.0317374, 0.00476518, -0.00916586, 1289, 427, 1.30085, 0.999947, 0.00931232, 0.00447171, -0.00916563, 0.999453, -0.0317744, -0.00476516, 0.0317317, 0.999485, 0
32399.1, -0.101099, 0.246977, -0.805509, 3830, 3122, 2306, 0.0184536, 0.000664604, -0.00207715, 1721, 738, 0.848566, 0.999998, 0.00208906, 0.000626161, -0.00207715, 0.999828, -0.0184539, -0.000664604, 0.0184525, 0.99983, 0
32565.9, -0.294689, 0.562718, -1.09564, 3826, 3142, 2301, 0.0155769, -0.00101303, -0.0196197, 1959, 936, 1.26646, 0.999807, 0.0196003, -0.00131829, -0.0196185, 0.999687, -0.0155534, 0.00101303, 0.0155763, 0.999878, 0
32732.7, 0.016367, 0.369096, -0.731617, 3835, 3556, 2821, 0.0173006, -0.00306212, -0.0232378, 2284, 1248, 0.819612, 0.999725, 0.0231793, -0.0034628, -0.0232356, 0.999582, -0.017224, 0.00306211, 0.0172997, 0.999846, 0
32899.6, -1.03687, 1.46997, -0.565578, 3841, 3563, 2492, 0.0262065, 0.0118193, -0.0203744, 2466, 1341, 1.88568, 0.999723, 0.0206756, 0.0112787, -0.0203716, 0.999443, -0.0264388, -0.011819, 0.0262017, 0.999587, 0
