2535.87, -1, -1, -1, -1, -1, -1, -1, -1, -1, -1, -1, -1, -1, 0, 0, 0, -1, 0, 0, 0, -1, 0, -1, -1, -1
2702.7, 0.741228, -0.65651, 0.139914, 3881, 1762, 447, -0.0170396, -0.0039912, 0.00568877, 45, 0, 1, 0.999976, -0.00561991, -0.00408747, 0.00568869, 0.999839, 0.0170158, 0.00399119, -0.0170386, 0.999847, 1, -1, -1, -1
2869.54, -0.137098, 0.987654, 0.0757914, 3879, 1679, 407, 0.136481, 0.0168717, 0.00043933, 405, 1, 1, 0.999858, 0.00186017, 0.0167738, 0.000439267, 0.990702, -0.13605, -0.0168709, 0.136038, 0.99056, 1, -1, -1, -1
3036.37, -0.107407, -0.0643108, -0.177193, 3880, 1983, 913, 0.0541344, 0.0315481, -0.0500131, 886, 111, 0.216955, 0.998253, 0.0516236, 0.0287523, -0.0499674, 0.997201, -0.0556149, -0.0315429, 0.0540811, 0.998038, 1, -1, -1, -1
3203.2, -0.0967534, -0.268168, -0.487618, 3880, 2007, 1445, 0.0532923, -0.00749826, -0.0446296, 1300, 401, 0.564842, 0.998976, 0.0441525, -0.00985659, -0.0446136, 0.997604, -0.0528799, 0.00749819, 0.0532655, 0.998552, 1, -1, -1, -1
3370.04, -0.107448, -0.388455, -0.508791, 3875, 3263, 2372, 0.0373489, 0.000515707, -0.0948116, 1943, 707, 0.649084, 0.995509, 0.0946227, -0.00302195, -0.0946696, 0.994813, -0.0372213, -0.000515707, 0.0373402, 0.999302, 1, -1, -1, -1
3536.87, 0.640816, -0.377478, -0.779542, 3876, 3293, 1831, 0.0161865, 0.0152318, -0.110839, 1535, 675, 1.07741, 0.993748, 0.110843, 0.0133454, -0.110599, 0.993706, -0.017771, -0.0152312, 0.016184, 0.999753, 1, -1, -1, -1
3703.7, -0.540537, 0.461268, 0.0639298, 3881, 3042, 1476, 0.00409056, 0.0128234, -0.134255, 83, 5, 0.713468, 0.99092, 0.133903, 0.01216, -0.133841, 0.990986, -0.00577011, -0.012823, 0.00409021, 0.999909, 1, -1, -1, -1
3870.54, -0.809459, 1.23702, 1.55489, 3880, 1869, 460, 0.001338, 0.0359295, -0.162823, 243, 7, 2.14549, 0.986137, 0.162152, 0.0352298, -0.162, 0.986765, -0.00714338, -0.0359218, 0.00133714, 0.999354, 1, -1, -1, -1
4037.37, 0.279693, -0.0698358, 0.656866, 3733, 2086, 741, 0.0216475, 0.0447472, -0.137054, 99, 5, 0.717341, 0.989631, 0.137553, 0.041345, -0.136489, 0.990258, -0.027553, -0.0447323, 0.0216242, 0.998765, 1, -1, -1, -1
4204.2, -0.473995, -1.31531, -1.19365, 3879, 1438, 755, 0.00106829, 0.0356042, -0.121159, 189, 27, 1.83834, 0.99204, 0.120901, 0.0352066, -0.120786, 0.992664, -0.00536278, -0.0355967, 0.00106761, 0.999366, 1, -1, -1, -1
4371.04, -0.30676, 0.398344, 0.864419, 3880, 2046, 863, 0.00277951, 0.0274935, -0.118366, 160, 0, 1, 0.992628, 0.118165, 0.0269693, -0.118045, 0.99299, -0.00600633, -0.02749, 0.00277845, 0.999618, 1, -1, -1, -1
4537.87, 0.652712, 0.225081, -0.950338, 3873, 1863, 728, -0.00835465, 0.0317532, -0.127227, 159, 22, 1.17466, 0.991417, 0.126617, 0.0325502, -0.12682, 0.991917, 0.00425886, -0.0317479, -0.00835035, 0.999461, 1, -1, -1, -1
4704.7, 0.401965, -0.184803, -0.896335, 3876, 1953, 706, -0.0316782, 0.0212575, -0.0458634, 277, 27, 0.999572, 0.998723, 0.0451518, 0.022675, -0.045837, 0.998478, 0.0306656, -0.0212559, -0.0316658, 0.999272, 1, -1, -1, -1
4871.54, 0.964015, 0.957277, -3.5254, 3870, 2001, 871, -0.0120685, 0.0064662, -0.0821643, 596, 62, 3.77812, 0.996606, 0.0819882, 0.00743433, -0.0820702, 0.99656, 0.0114969, -0.00646615, -0.012068, 0.999906, 1, -1, -1, -1
5038.37, 0.491476, 0.330973, -0.767468, 3873, 1942, 758, -0.0453214, -0.00857516, -0.0800967, 399, 125, 0.969587, 0.996757, 0.0803162, -0.00491381, -0.0800081, 0.995739, 0.0458461, 0.00857505, -0.0453043, 0.998936, 1, -1, -1, -1
5205.21, 1.02126, -2.28845, -1.25143, 3871, 1783, 598, -0.0235133, -0.0142832, -0.0758578, 548, 54, 2.80108, 0.997022, 0.076099, -0.0124559, -0.0757774, 0.996823, 0.0245256, 0.0142827, -0.0235087, 0.999622, 1, -1, -1, -1
5372.04, 0.127509, -0.00726121, -0.454817, 3863, 2536, 1420, -0.0254576, 0.00471542, -0.0453381, 1088, 186, 0.472409, 0.998961, 0.0451879, 0.00586271, -0.045322, 0.998654, 0.0252151, -0.0047154, -0.0254546, 0.999665, 1, -1, -1, -1
5538.87, 0.387577, 0.311953, -0.804493, 3861, 2694, 1541, -0.013548, -0.00773309, -0.0718442, 1380, 468, 0.945906, 0.99739, 0.0718803, -0.00673988, -0.0717802, 0.997321, 0.0140677, 0.00773301, -0.0135472, 0.999878, 1, -1, -1, -1
5705.71, 0.13023, 0.34324, -0.64892, 3864, 2793, 1830, -0.0450574, 0.0184336, -0.0692008, 1207, 514, 0.745568, 0.997437, 0.0682472, 0.0214843, -0.0691339, 0.996652, 0.0436611, -0.0184326, -0.0450345, 0.998815, 1, -1, -1, -1
5872.54, 0.228293, -0.567507, -0.580657, 3851, 2706, 1792, -0.0124797, -0.00267523, -0.0894316, 77, 8, 0.843412, 0.996, 0.0893388, -0.00154977, -0.0893121, 0.995923, 0.0126684, 0.00267523, -0.0124793, 0.999919, 1, -1, -1, -1
6039.37, -0.432773, 0.375096, 0.819763, 3835, 1883, 397, -0.0132499, -0.00847997, -0.114824, 141, 0, 1, 0.993379, 0.114673, -0.00690528, -0.114567, 0.993315, 0.0141337, 0.00847987, -0.013249, 0.999876, 1, -1, -1, -1
6206.21, -0.438066, 0.371427, 0.679027, 3858, 1553, 428, -0.00492444, -0.0457017, -0.143643, 217, 31, 0.889346, 0.988668, 0.14337, -0.0445098, -0.143, 0.989657, 0.0114135, 0.0456858, -0.00491928, 0.998944, 1, -1, -1, -1
6373.04, -1.84338, 0.37268, 0.848826, 3872, 1593, 519, 0.0212824, -0.065362, -0.151617, 469, 85, 2.06336, 0.986417, 0.149628, -0.0677657, -0.150714, 0.988514, -0.0111738, 0.0653154, 0.0212353, 0.997639, 1, -1, -1, -1
6539.87, -1.21209, 0.204199, 0.373472, 3879, 2113, 930, 0.0345806, -0.0450438, -0.146528, 900, 289, 1.28465, 0.98828, 0.144377, -0.0495674, -0.145856, 0.98892, -0.0276328, 0.0450286, 0.0345386, 0.998388, 1, -1, -1, -1
6706.71, 0.331735, 0.53574, 0.307678, 3874, 2519, 832, 0.0302411, -0.0208959, -0.143533, 677, 239, 0.701236, 0.989501, 0.14235, -0.0249951, -0.143009, 0.989355, -0.0269382, 0.0208943, 0.0302299, 0.999325, 1, -1, -1, -1
6873.54, 0.745474, 0.421816, 0.0375457, 3878, 2324, 872, -0.00396862, 0.0468073, -0.134322, 480, 130, 0.857363, 0.989907, 0.133734, 0.0468998, -0.133772, 0.991009, -0.00233316, -0.0467902, -0.00396427, 0.998897, 1, -1, -1, -1
7040.37, 1.70572, -1.60649, 3.2598, 3885, 2245, 1092, 0.032512, -0.0185617, -0.114318, 67, 10, 4.01455, 0.993302, 0.11341, -0.0221377, -0.11405, 0.993017, -0.030178, 0.0185606, 0.0325007, 0.999299, 1, -1, -1, -1
7207.21, 2.54907, 1.9421, -1.26047, 3873, 1328, 562, 0.0338076, 0.00904452, -0.0993893, 555, 10, 3.44359, 0.995024, 0.0994733, 0.00564067, -0.0992217, 0.994466, -0.0345313, -0.0090444, 0.0337998, 0.999388, 1, -1, -1, -1
7374.04, 0.422216, 0.305728, -0.481114, 3871, 2276, 1440, 0.0362444, 0.00769897, -0.0169717, 1432, 337, 0.709371, 0.999826, 0.0172387, 0.00707776, -0.0169704, 0.999195, -0.0363618, -0.00769889, 0.0362354, 0.999314, 1, -1, -1, -1
7540.87, -0.0724331, 0.0365282, -0.557118, 3866, 2729, 1989, 0.0443372, -0.00382216, -0.0194016, 1821, 733, 0.562993, 0.999804, 0.0192119, -0.00467755, -0.0194002, 0.998833, -0.0442403, 0.00382215, 0.0443224, 0.99901, 1, -1, -1, -1
7707.71, -0.0172905, 0.0186627, -1.06616, 3872, 3349, 1878, 0.0428807, -0.00779492, -0.00545423, 1484, 814, 1.06647, 0.999955, 0.00511505, -0.00802137, -0.00545404, 0.999068, -0.0428245, 0.00779484, 0.0428663, 0.99905, 1, -1, -1, -1
7874.54, -0.17922, 0.146278, -1.17758, 3857, 2834, 1849, 0.0244858, 0.0138595, -0.0170467, 1711, 889, 1.20009, 0.999759, 0.0173801, 0.0134356, -0.0170443, 0.999549, -0.024716, -0.0138591, 0.024481, 0.999604, 1, -1, -1, -1
8041.37, -0.180964, 0.254617, -0.59618, 3861, 3131, 1708, 0.033001, -0.00273191, -0.0601458, 1292, 664, 0.673059, 0.998188, 0.0599868, -0.0047088, -0.0601093, 0.997654, -0.0327712, 0.0027319, 0.0329949, 0.999452, 1, -1, -1, -1
8208.21, 0.351795, 0.368539, -1.06703, 3852, 1865, 1185, 0.0176168, -0.0124822, -0.0491092, 1109, 573, 1.18243, 0.998717, 0.0488623, -0.0133297, -0.0490857, 0.99865, -0.016982, 0.0124819, 0.0176145, 0.999767, 1, -1, -1, -1
8375.04, -0.457165, 0.145173, -0.657375, 3858, 2831, 1292, 0.0166358, -0.00698126, -0.088619, 975, 374, 0.813767, 0.996052, 0.0883751, -0.0084251, -0.0885009, 0.995948, -0.015952, 0.0069812, 0.0166346, 0.999837, 1, -1, -1, -1
8541.88, -0.920681, 0.267332, -0.694629, 3855, 2557, 1670, 0.0136741, 0.00607826, -0.097455, 1606, 636, 1.1839, 0.995237, 0.0973744, 0.00471836, -0.097299, 0.995154, -0.0142002, -0.00607823, 0.0136734, 0.999888, 1, -1, -1, -1
8708.71, -0.183112, 0.428, -0.336615, 3849, 3354, 2030, 0.0173528, 0.00285329, -0.109711, 431, 115, 0.574477, 0.993984, 0.109524, 0.00093582, -0.109491, 0.993833, -0.01756, -0.00285329, 0.0173519, 0.999845, 1, -1, -1, -1
8875.54, -0.109333, -0.864434, -0.701726, 3846, 2062, 746, -0.0124442, 0.0511009, -0.139086, 120, 7, 1.11876, 0.98905, 0.137997, 0.0523067, -0.138457, 0.990355, 0.00524288, -0.0510787, -0.0124277, 0.998617, 1, -1, -1, -1
9042.38, 0.11112, -0.963269, -0.24447, 3839, 1782, 841, -0.00908481, 0.0325225, -0.150095, 49, 1, 1, 0.988234, 0.149234, 0.0335083, -0.149453, 0.98876, 0.00412045, -0.0325167, -0.00907988, 0.99943, 1, -1, -1, -1
9209.21, 0.17201, 0.714479, 0.678183, 3850, 1721, 828, -0.0109837, 0.0125927, -0.144259, 69, 0, 1, 0.989534, 0.143614, 0.0140398, -0.143748, 0.989573, 0.00905927, -0.0125923, -0.0109826, 0.99986, 1, -1, -1, -1
9376.04, -0.564846, -0.712767, -0.415827, 3858, 1858, 560, -0.0375127, 0.0436348, -0.14252, 94, 0, 1, 0.988919, 0.140319, 0.0484753, -0.141903, 0.989397, 0.0309322, -0.043621, -0.0374682, 0.998345, 1, -1, -1, -1
9542.88, -0.391836, -2.146, 0.140655, 3873, 2179, 948, -0.0621635, 0.00746691, -0.0966178, 927, 40, 2.18601, 0.995308, 0.0958195, 0.0134106, -0.0964649, 0.993458, 0.0611149, -0.00746684, -0.0621218, 0.998041, 1, -1, -1, -1
9709.71, -0.535691, 0.16275, -0.387926, 3891, 2913, 1314, -0.011717, -0.00211276, -0.106495, 1237, 430, 0.681131, 0.994333, 0.106311, -0.000855236, -0.106293, 0.994264, 0.0118749, 0.00211276, -0.0117167, 0.999929, 1, -1, -1, -1
9876.54, -1.96199, 0.335358, -0.421711, 3910, 3434, 1572, -0.00480268, 0.00254203, -0.108522, 1556, 754, 2.03463, 0.994114, 0.108296, 0.00304721, -0.108309, 0.994107, 0.00449909, -0.00254202, -0.00480265, 0.999985, 1, -1, -1, -1
10043.4, -1.44889, 0.135245, -0.39197, 3911, 3449, 1965, -0.0163424, 0.0418909, -0.0947735, 1960, 1086, 1.50706, 0.994639, 0.0939378, 0.0432316, -0.0945487, 0.995444, 0.0123058, -0.0418787, -0.0163273, 0.998989, 1, -1, -1, -1
10210.2, -1.19902, -1.23104, 0.212123, 3909, 3152, 1338, -0.151038, 0.0579486, 0.00684502, 1336, 894, 1.7315, 0.998298, -0.0154812, 0.0562255, 0.00683348, 0.988533, 0.150853, -0.0579161, -0.150212, 0.986956, 1, -1, -1, -1
10377, -0.0574049, -0.00188999, -0.118883, 3915, 3161, 1393, -0.0346744, -0.029192, -0.0601975, 1056, 632, 0.132031, 0.997763, 0.061135, -0.0270319, -0.0601355, 0.997528, 0.0363596, 0.0291879, -0.0346527, 0.998973, 1, -1, -1, -1
10543.9, -0.635855, 0.0115447, -1.04417, 3909, 3032, 1440, -0.0257398, -0.0138138, -0.0670801, 1328, 735, 1.22259, 0.997656, 0.0673623, -0.0120526, -0.0670234, 0.997397, 0.0266047, 0.0138133, -0.0257345, 0.999573, 1, -1, -1, -1
10710.7, -0.693699, -0.0295165, -0.413221, 3897, 3219, 1935, -0.0229284, -0.0121632, -0.106165, 1675, 958, 0.807986, 0.994296, 0.106215, -0.00966185, -0.105958, 0.994079, 0.0240859, 0.0121629, -0.0229247, 0.999663, 1, -1, -1, -1
10877.5, 3.14994, -2.17364, 0.818605, 3912, 3325, 1145, 0.0121751, -0.0339793, -0.119691, 1121, 384, 3.91369, 0.992272, 0.118986, -0.0351809, -0.119337, 0.992821, -0.00803146, 0.0339727, 0.0121678, 0.999349, 1, -1, -1, -1
11044.4, -0.154762, 0.156445, -0.141857, 3924, 2954, 1091, 0.0439817, 0.040222, -0.121434, 382, 109, 0.261819, 0.991833, 0.122774, 0.0345504, -0.121038, 0.991462, -0.04851, -0.0402111, 0.043932, 0.998225, 1, -1, -1, -1
11211.2, 0.59937, -0.236886, 0.643155, 3924, 1763, 602, 0.0355487, -0.0144888, -0.182372, 361, 24, 0.910498, 0.983313, 0.180742, -0.0206849, -0.181344, 0.982888, -0.0323258, 0.0144883, 0.0355375, 0.999263, 1, -1, -1, -1
11378, 0.409595, -0.749939, 1.35817, 3922, 2673, 1036, 0.0281624, -0.0467294, -0.176266, 983, 189, 1.60462, 0.983431, 0.173991, -0.0509081, -0.175164, 0.984346, -0.0195344, 0.0467124, 0.028128, 0.998512, 1, -1, -1, -1
11544.9, -0.818857, -0.532334, 0.32678, 3922, 2824, 1524, 0.0304111, -0.0233349, -0.152542, 1478, 572, 1.0299, 0.988119, 0.151179, -0.0276714, -0.15191, 0.988039, -0.0265096, 0.0233328, 0.0303982, 0.999265, 1, -1, -1, -1
11711.7, 0.218792, -0.276458, 0.557428, 3923, 3428, 1735, 0.0522711, -0.0230924, -0.169052, 1386, 751, 0.659564, 0.985482, 0.166829, -0.0315206, -0.168203, 0.984601, -0.0476229, 0.0230903, 0.0522333, 0.998368, 1, -1, -1, -1
11878.5, -0.0257869, -0.28533, 0.579234, 3925, 3417, 1696, 0.0623519, -0.0163667, -0.125322, 297, 183, 0.646213, 0.992025, 0.123739, -0.0239946, -0.124977, 0.990357, -0.0597811, 0.016366, 0.0623031, 0.997923, 1, -1, -1, -1
12045.4, 1.64991, -0.380348, -0.594111, 3926, 2580, 1561, 0.0458701, 0.00620972, -0.0908343, 1110, 197, 1.79439, 0.995858, 0.0908976, 0.00201818, -0.0907077, 0.994804, -0.0462277, -0.00620968, 0.0458532, 0.998929, 1, -1, -1, -1
12212.2, 0.883243, 0.344704, -0.364827, 3928, 2606, 1419, 0.0170662, 0.0203271, -0.0594462, 1117, 429, 1.01589, 0.998027, 0.0597488, 0.019273, -0.0593989, 0.998068, -0.0182426, -0.0203257, 0.0170618, 0.999648, 1, -1, -1, -1
12379, -0.157454, -1.32552, -2.41391, 3928, 3065, 1921, 0.0232002, 0.0141027, -0.0144965, 1900, 558, 2.7584, 0.999795, 0.0148192, 0.0137607, -0.0144946, 0.999621, -0.0234, -0.0141022, 0.0231958, 0.999631, 1, -1, -1, -1
12545.9, 0.0388059, 0.176851, -0.560022, 3925, 3587, 2198, 0.031856, 0.0110786, -0.0151451, 1998, 928, 0.588564, 0.999824, 0.0154896, 0.0105891, -0.0151436, 0.999373, -0.0320146, -0.0110783, 0.0318486, 0.999431, 1, -1, -1, -1
12712.7, 0.0976293, 0.454601, -0.732442, 3920, 3626, 941, 0.00243059, 0.00458152, 0.000504918, 593, 333, 0.867563, 0.999989, -0.00049378, 0.00458272, 0.000504912, 0.999997, -0.00242827, -0.0045815, 0.00243056, 0.999987, 1, -1, -1, -1
12879.5, -0.365354, 1.25056, -0.915153, 3917, 2424, 347, -0.0167942, 0.0165323, 0.0154832, 222, 54, 1.59214, 0.999743, -0.0157579, 0.0162673, 0.0154804, 0.999735, 0.0170473, -0.0165316, -0.0167911, 0.999722, 1, -1, -1, -1
13046.4, -0.888713, 0.124628, -0.867826, 3919, 2375, 1431, 0.044107, 0.0101554, -0.0437482, 1403, 103, 1.24839, 0.998992, 0.0441391, 0.00820731, -0.043732, 0.998052, -0.0444942, -0.0101553, 0.0440904, 0.998976, 1, -1, -1, -1
13213.2, 0.103875, -0.357582, -0.718036, 3910, 2849, 1485, 0.0322237, 0.000489992, -0.057081, 1392, 515, 0.808845, 0.998371, 0.0570361, -0.0013491, -0.05705, 0.997852, -0.0321936, -0.000489992, 0.0322181, 0.999481, 1, -1, -1, -1
13380, -0.0892461, -0.476977, -0.60695, 3907, 3227, 2224, 0.0523686, -0.00442987, -0.0789775, 2142, 854, 0.777085, 0.996873, 0.0785561, -0.00853974, -0.0788946, 0.995535, -0.0518325, 0.00442985, 0.0523442, 0.998619, 1, -1, -1, -1
13546.9, 0.373839, -0.0852619, -0.605915, 3910, 4002, 2279, 0.0148975, 0.0183683, -0.0922432, 1947, 960, 0.717048, 0.995581, 0.0923746, 0.016915, -0.0920969, 0.995613, -0.0165253, -0.0183673, 0.0148944, 0.99972, 1, -1, -1, -1
13713.7, 0.587507, 0.430074, 0.073638, 3908, 3721, 2468, 0.00714329, 0.0149365, -0.127293, 1627, 808, 0.731813, 0.991799, 0.127052, 0.0139078, -0.126936, 0.99187, -0.00898149, -0.0149359, 0.00714243, 0.999863, 1, -1, -1, -1
13880.5, 0.232302, 0.301463, 0.411257, 3908, 3812, 2305, -0.0173756, 0.0306034, -0.140334, 84, 15, 0.560336, 0.989706, 0.139326, 0.0327235, -0.139808, 0.990094, 0.0129246, -0.0305986, -0.0173666, 0.999381, 1, -1, -1, -1
14047.4, 0.635032, -0.457168, 0.622682, 3905, 2193, 596, 0.034678, 0.07173, -0.118153, 228, 0, 1, 0.990474, 0.120275, 0.0670391, -0.117575, 0.992138, -0.0428724, -0.0716685, 0.0345819, 0.996829, 1, -1, -1, -1
14214.2, 0.594274, -0.0653045, -0.377479, 3902, 2088, 1192, 0.0182159, 0.0422769, -0.101877, 281, 56, 0.707048, 0.993926, 0.10245, 0.0401858, -0.10161, 0.994572, -0.0224181, -0.0422644, 0.0181987, 0.998941, 1, -1, -1, -1
14381, 0.440292, -0.414072, -1.10356, 3898, 2378, 1142, -0.00253583, 0.0186463, -0.10297, 360, 43, 1.25823, 0.99453, 0.102741, 0.0188071, -0.10277, 0.994705, 0.000605894, -0.0186453, -0.00253539, 0.999823, 1, -1, -1, -1
14547.9, 0.78922, 0.331187, 0.640045, 3895, 2455, 1059, -0.0291016, 0.0545328, -0.121899, 377, 68, 1.06874, 0.991104, 0.119972, 0.0576166, -0.121417, 0.992352, 0.0222566, -0.0545058, -0.0290542, 0.998091, 1, -1, -1, -1
14714.7, 0.0678979, 1.00712, -1.28997, 3892, 2644, 1650, -0.0130723, 0.0164706, -0.106985, 1412, 316, 1.63796, 0.994148, 0.106558, 0.0177701, -0.106767, 0.994221, 0.0112386, -0.0164699, -0.0130701, 0.999779, 1, -1, -1, -1
14881.5, -5.16844, 1.10071, 1.32476, 3885, 2950, 897, -0.0192618, 0.103359, -0.0109761, 896, 354, 5.44787, 0.994603, 0.00898677, 0.103361, -0.0109173, 0.999776, 0.0181272, -0.103175, -0.0191578, 0.994479, 1, -1, -1, -1
15048.4, -0.0876893, -0.0307819, 0.199426, 3902, 2493, 435, -0.0791397, -0.00933101, -0.0192438, 387, 165, 0.220017, 0.999771, 0.0199199, -0.00777868, -0.0192417, 0.996671, 0.0792215, 0.00933087, -0.0790537, 0.996827, 1, -1, -1, -1
15215.2, 0.23056, 0.176669, -0.820588, 3895, 2295, 926, -0.0268499, -0.0296193, -0.0607086, 779, 102, 0.870479, 0.99772, 0.0614431, -0.027921, -0.0606447, 0.99775, 0.0285934, 0.029615, -0.0268349, 0.999201, 1, -1, -1, -1
15382, 0.350198, -0.0761026, -0.873432, 3879, 3095, 1139, -0.0236734, 0.00446438, -0.0488349, 924, 267, 0.944094, 0.998798, 0.0486963, 0.00561331, -0.048815, 0.998533, 0.0234251, -0.00446437, -0.0236709, 0.99971, 1, -1, -1, -1
15548.9, 0.456133, -0.732325, -0.718034, 3862, 2755, 1383, -0.0141564, 0.0104862, -0.0600698, 1335, 241, 1.12247, 0.998141, 0.0598795, 0.0113159, -0.0600304, 0.998105, 0.013501, -0.010486, -0.0141552, 0.999845, 1, -1, -1, -1
15715.7, -0.738507, 0.586282, -0.317357, 3854, 3166, 1385, -0.00849093, 0.0173731, -0.0863047, 1343, 380, 0.994904, 0.996128, 0.0860476, 0.0180389, -0.0861846, 0.996255, 0.00696183, -0.0173723, -0.00848954, 0.999813, 1, -1, -1, -1
15882.5, -0.326286, 0.200085, -1.33879, 3874, 2124, 345, 0.0198989, -0.0155921, 0.054403, 156, 39, 1.39243, 0.998399, -0.0546752, -0.0144833, 0.0543695, 0.998306, -0.0207157, 0.0155914, 0.0198951, 0.99968, 1, -1, -1, -1
16049.4, -0.98279, 0.122027, -2.02016, 3857, 2138, 249, 0.00688317, 0.0564083, -0.169472, 156, 6, 2.24985, 0.984106, 0.169041, 0.0544085, -0.168394, 0.985585, -0.0162932, -0.0563784, 0.00687217, 0.998386, 1, -1, -1, -1
16216.2, -0.0793114, 0.116285, -0.106774, 3862, 1634, 203, 0.0914615, 0.00498358, -0.154015, 79, 7, 0.176672, 0.988151, 0.153215, -0.00910725, -0.153405, 0.983963, -0.0910142, -0.00498356, 0.0913329, 0.995808, 1, -1, -1, -1
16383, -1.40593, 0.4285, 0.346816, 3891, 1946, 459, 0.0351571, -0.0432082, -0.141974, 434, 16, 1.51015, 0.989015, 0.139907, -0.0477073, -0.141366, 0.989542, -0.028688, 0.0431947, 0.035117, 0.998449, 1, -1, -1, -1
16549.9, -1.02405, 0.244958, 0.322988, 3900, 2524, 897, 0.0331772, -0.0323637, -0.155508, 886, 245, 1.10136, 0.987416, 0.153736, -0.0370876, -0.154801, 0.987556, -0.0277619, 0.0323581, 0.0331538, 0.998926, 1, -1, -1, -1
16716.7, 0.120518, 0.708532, 0.444011, 3898, 3053, 900, 0.0441508, 0.0019875, -0.109138, 816, 130, 0.8448, 0.994048, 0.108903, -0.00283366, -0.108921, 0.993072, -0.0440901, -0.0019875, 0.0441364, 0.999024, 1, -1, -1, -1
16883.6, 0.871283, 0.529486, -0.219438, 3890, 2405, 1106, 0.00644834, 0.0348502, -0.116214, 992, 260, 1.0429, 0.992652, 0.116174, 0.0338597, -0.115882, 0.993208, -0.0104449, -0.0348431, 0.00644438, 0.999372, 1, -1, -1, -1
17050.4, 0.511045, 0.936736, -0.523912, 3904, 2920, 1697, 0.00376421, 0.0296866, -0.0950205, 1639, 632, 1.18875, 0.99505, 0.0949882, 0.0291909, -0.0948358, 0.995471, -0.00656338, -0.0296822, 0.00376254, 0.999552, 1, -1, -1, -1
17217.2, 0.607477, 0.434692, -0.366773, 3859, 2509, 491, 0.0174173, 0.0407967, -0.0827569, 402, 157, 0.832171, 0.995748, 0.0833579, 0.0391999, -0.0825937, 0.996368, -0.0207277, -0.0407854, 0.0174019, 0.999016, 1, -1, -1, -1
17384.1, -0.0981831, 0.431572, -0.480553, 3882, 2394, 1524, 0.0477825, -0.0253031, -0.052502, 1158, 146, 0.653319, 0.998302, 0.0512112, -0.0277433, -0.0524611, 0.997546, -0.0463723, 0.0253004, 0.047749, 0.998539, 1, -1, -1, -1
17550.9, -0.105664, 0.698822, -1.29609, 3888, 2725, 1276, 0.0368695, -0.0173218, -0.0214955, 1106, 370, 1.47627, 0.999619, 0.0208409, -0.0180974, -0.0214906, 0.999103, -0.0364806, 0.0173209, 0.0368557, 0.99917, 1, -1, -1, -1
17717.7, -0.0175776, 0.178064, -1.23831, 3891, 2987, 1145, 0.0462994, -0.0147868, -0.0127002, 980, 428, 1.25117, 0.99981, 0.0120019, -0.015357, -0.0126984, 0.998857, -0.0460916, 0.0147863, 0.0462778, 0.998819, 1, -1, -1, -1
17884.6, 0.0432966, 0.211016, -0.891477, 3882, 2906, 1380, 0.0384126, -0.00230078, -0.055581, 1251, 428, 0.917133, 0.998453, 0.0554231, -0.00442891, -0.0555522, 0.997724, -0.0382161, 0.00230077, 0.038403, 0.99926, 1, -1, -1, -1
18051.4, 0.233546, -0.0819844, -0.989279, 3868, 3160, 2039, 0.0358992, -0.00249844, -0.0712023, 1927, 646, 1.01977, 0.997463, 0.0710069, -0.0050439, -0.0711419, 0.99683, -0.0356229, 0.00249844, 0.0358914, 0.999353, 1, -1, -1, -1
18218.2, 0.274129, 0.288794, -1.02708, 3864, 3104, 1453, 0.00491099, -0.00377744, -0.0580707, 1285, 630, 1.10156, 0.998307, 0.0580188, -0.00405605, -0.0580376, 0.998303, -0.00468346, 0.00377744, 0.00491093, 0.999981, 1, -1, -1, -1
18385.1, -0.36807, -0.00210109, -0.728101, 3867, 2908, 1085, 0.0136525, -0.0138972, -0.0790344, 885, 349, 0.81585, 0.996782, 0.0787557, -0.0149299, -0.0789446, 0.9968, -0.0125124, 0.0138967, 0.0136508, 0.99981, 1, -1, -1, -1
18551.9, -0.534047, 0.0969206, -0.813143, 3882, 2950, 1498, 0.00876067, -0.000536901, -0.0888149, 1216, 461, 0.977651, 0.996058, 0.0886901, -0.00131181, -0.0886982, 0.996021, -0.00867841, 0.000536901, 0.00876055, 0.999961, 1, -1, -1, -1
18718.7, -0.592604, 0.242323, -0.107259, 3875, 3353, 2261, 0.0144034, 0.00998783, -0.0938373, 1656, 582, 0.649157, 0.995551, 0.0938332, 0.00859315, -0.093695, 0.995484, -0.0152753, -0.00998767, 0.0144022, 0.999846, 1, -1, -1, -1
18885.6, 0.480862, 0.601546, -0.250447, 3876, 3029, 1302, -0.000501532, 0.0414933, -0.122833, 773, 348, 0.80982, 0.991611, 0.122504, 0.0412303, -0.122419, 0.992468, -0.00458473, -0.0414814, -0.0005011, 0.999139, 1, -1, -1, -1
19052.4, 0.646841, 1.36072, -0.26124, 3883, 2613, 1081, 0.00988487, 0.0375105, -0.140326, 972, 426, 1.52912, 0.989474, 0.140226, 0.0357487, -0.139767, 0.99007, -0.0150325, -0.0375017, 0.00987776, 0.999248, 1, -1, -1, -1
19219.2, 0.0552015, 0.377963, 0.296646, 3887, 2162, 1066, -0.0241856, 0.0228123, -0.173229, 212, 114, 0.483634, 0.984777, 0.17177, 0.0266307, -0.172319, 0.98484, 0.0198908, -0.0228103, -0.024177, 0.999447, 1, -1, -1, -1
19386.1, 1.22884, 1.95074, 1.07062, 3885, 2135, 687, -0.00943899, 0.0172186, -0.156287, 600, 103, 2.54198, 0.987666, 0.155484, 0.0184764, -0.155628, 0.987793, 0.00664396, -0.0172178, -0.00943745, 0.999807, 1, -1, -1, -1
19552.9, 0.104592, 0.390331, -0.0948883, 3902, 2348, 943, -0.0331137, 0.022607, -0.109503, 76, 21, 0.415093, 0.993757, 0.108481, 0.0260755, -0.109256, 0.993547, 0.0304403, -0.022605, -0.0330992, 0.999196, 1, -1, -1, -1
19719.7, -0.593436, 0.211669, -1.56427, 3909, 2342, 675, -0.0106672, -0.0277826, -0.0934966, 483, 3, 1.68639, 0.995248, 0.0936502, -0.0266602, -0.0933244, 0.995548, 0.0132137, 0.027779, -0.0106628, 0.999557, 1, -1, -1, -1
19886.6, -2.11186, -2.09637, -0.962669, 3898, 2433, 471, -0.0666447, 0.00590923, -0.0410979, 461, 111, 3.12753, 0.999138, 0.040602, 0.00862727, -0.0410856, 0.996954, 0.0662969, -0.0059092, -0.0665943, 0.997763, 1, -1, -1, -1
20053.4, -0.224978, -0.00284957, -0.284762, 3891, 2550, 667, -0.0142428, -0.0147421, -0.0796927, 503, 153, 0.362922, 0.996718, 0.0798095, -0.0135595, -0.0795997, 0.996708, 0.0153706, 0.0147416, -0.0142408, 0.99979, 1, -1, -1, -1
20220.2, -0.636386, -0.110651, -0.973116, 3893, 1749, 273, -0.0369148, -0.0318754, -0.0459616, 210, 80, 1.16798, 0.998437, 0.0470891, -0.030119, -0.0459221, 0.998209, 0.0383308, 0.03187, -0.0368877, 0.998811, 1, -1, -1, -1
20387.1, -0.505257, 0.0540348, -0.733845, 3886, 2258, 404, -0.0307857, -0.00872198, -0.0587697, 330, 88, 0.892599, 0.998236, 0.0589761, -0.00689474, -0.0587337, 0.997785, 0.0312398, 0.00872186, -0.0307797, 0.999488, 1, -1, -1, -1
20553.9, -0.110151, 0.25249, -1.05941, 3870, 2194, 430, -0.0188534, -0.033754, -0.0885005, 300, 72, 1.09464, 0.995519, 0.0890031, -0.0319433, -0.0883347, 0.995853, 0.0217608, 0.0337476, -0.0188415, 0.999253, 1, -1, -1, -1
20720.7, -0.302787, -0.00589418, -0.424487, 3864, 2492, 692, -0.0191966, -0.034109, -0.102503, 317, 85, 0.521445, 0.994173, 0.102956, -0.031953, -0.102264, 0.994501, 0.0225835, 0.0341024, -0.0191843, 0.999234, 1, -1, -1, -1
20887.6, 0.692108, -0.871145, -0.0468227, 3862, 2342, 719, 0.00799355, -0.0146869, -0.122396, 557, 46, 1.1136, 0.992412, 0.12197, -0.0155519, -0.122077, 0.992502, -0.00614066, 0.0146863, 0.0079926, 0.99986, 1, -1, -1, -1
21054.4, -0.606376, 1.01864, 1.42562, 3871, 2184, 616, 0.03377, 0.0322493, -0.065509, 428, 121, 1.85411, 0.997336, 0.0665111, 0.029946, -0.0654281, 0.997215, -0.0358007, -0.0322437, 0.033746, 0.99891, 1, -1, -1, -1
21221.2, -0.396858, -0.90437, 0.547402, 3873, 1969, 509, -0.0184496, -0.0297867, -0.174994, 487, 118, 1.12917, 0.984291, 0.174613, -0.0261105, -0.174025, 0.984464, 0.0233511, 0.0297823, -0.0184404, 0.999386, 1, -1, -1, -1
21388.1, -0.142004, -0.256226, 0.33905, 3866, 2243, 800, 0.019271, -0.0257643, -0.152955, 701, 192, 0.448076, 0.987997, 0.15184, -0.0283919, -0.152309, 0.988217, -0.0151206, 0.0257614, 0.0192634, 0.999483, 1, -1, -1, -1
21554.9, -0.147597, -0.289956, 0.555476, 3868, 2883, 1386, 0.03409, -0.0436226, -0.116962, 796, 272, 0.643749, 0.992223, 0.115152, -0.047263, -0.116585, 0.992764, -0.0287645, 0.0436087, 0.0340509, 0.998468, 1, -1, -1, -1
21721.7, 0.17882, -0.681645, 0.695336, 3870, 2618, 1191, 0.0367167, -0.0258918, -0.143264, 959, 388, 0.990004, 0.989423, 0.141738, -0.0308475, -0.142727, 0.989224, -0.0326386, 0.0258889, 0.0366962, 0.998991, 1, -1, -1, -1
21888.6, 0.366857, -1.34578, 0.557862, 3867, 2950, 1306, 0.0385399, -0.0261861, -0.128573, 1251, 505, 1.50231, 0.991406, 0.127123, -0.030888, -0.128175, 0.991139, -0.0348577, 0.0261831, 0.0385172, 0.998915, 1, -1, -1, -1
22055.4, 0.987273, -0.786712, -0.307537, 3865, 3025, 1686, 0.0281491, -0.0080991, -0.0923349, 1668, 673, 1.29931, 0.995708, 0.0919403, -0.0106564, -0.0922007, 0.995367, -0.0272791, 0.00809902, 0.0281445, 0.999571, 1, -1, -1, -1
22222.2, 0.382053, -0.348684, -0.368745, 3869, 2795, 1774, 0.0381467, 0.0201899, -0.070426, 1603, 800, 0.63523, 0.997318, 0.0710846, 0.0174402, -0.0703534, 0.996741, -0.0394625, -0.0201886, 0.0381297, 0.999069, 1, -1, -1, -1
22389.1, -0.123091, -0.110439, -1.43504, 3872, 3537, 2495, 0.0376982, -0.00221007, -0.0289603, 2360, 1024, 1.44454, 0.999578, 0.0288524, -0.00329891, -0.0289562, 0.998873, -0.0376095, 0.00221007, 0.0376891, 0.999287, 1, -1, -1, -1
22555.9, 0.420453, -0.0363803, -1.49161, 3868, 4089, 2157, 0.0395449, 0.0187826, -0.00810015, 2070, 1136, 1.55017, 0.999791, 0.00883623, 0.018446, -0.00809863, 0.999179, -0.0396853, -0.0187815, 0.0395277, 0.999042, 1, -1, -1, -1
22722.7, -0.349156, -0.482857, 0.120391, 3858, 3442, 518, -0.0572757, 0.0195354, -0.00661698, 439, 222, 0.60791, 0.999787, 0.00548789, 0.0198805, -0.00661567, 0.998346, 0.0571141, -0.0195342, -0.0572335, 0.99817, 1, -1, -1, -1
22889.6, -0.172865, -0.363768, 0.446992, 3850, 1996, 399, -0.0438102, -0.00465481, -0.0252026, 224, 82, 0.601674, 0.999672, 0.0253795, -0.00354519, -0.0251996, 0.998718, 0.0438994, 0.00465479, -0.0437957, 0.99903, 1, -1, -1, -1
23056.4, -0.872368, 0.14508, -1.05468, 3840, 2262, 1090, 0.0338899, -0.0139858, -0.0360226, 1012, 92, 1.37638, 0.999254, 0.0355206, -0.0151885, -0.0360113, 0.998794, -0.033358, 0.0139853, 0.0338801, 0.999328, 1, -1, -1, -1
23223.2, -0.0887718, -0.252912, -0.929359, 3832, 1864, 1204, 0.0367964, -0.0108872, -0.0407176, 1141, 336, 0.96724, 0.999112, 0.0402787, -0.0123682, -0.040704, 0.998511, -0.0363147, 0.010887, 0.0367859, 0.999264, 1, -1, -1, -1
23390.1, -0.173671, 0.0773853, -0.661115, 3818, 2949, 1657, 0.0301638, 0.00236656, -0.0817522, 1476, 593, 0.687912, 0.996657, 0.0816952, -0.000105258, -0.081661, 0.996201, -0.0302516, -0.00236655, 0.0301591, 0.999542, 1, -1, -1, -1
23556.9, 0.115953, -0.428944, -0.735813, 3815, 2908, 900, 0.0166629, 0.0450531, -0.101583, 813, 359, 0.85957, 0.993835, 0.10214, 0.0431098, -0.101305, 0.994631, -0.0211428, -0.0450379, 0.0166452, 0.998847, 1, -1, -1, -1
23723.7, 0.819475, 0.0558616, 0.570386, 3676, 2492, 1166, 0.0116613, 0.0266433, -0.127714, 37, 0, 1, 0.991504, 0.127666, 0.0249361, -0.127322, 0.991749, -0.0149589, -0.0266401, 0.0116569, 0.999577, 1, -1, -1, -1
23890.6, 0.818692, 1.75475, 1.41283, 3827, 1714, 617, -0.00741025, 0.0287347, -0.157085, 488, 3, 2.39697, 0.98728, 0.156225, 0.0295355, -0.156375, 0.987694, 0.00282444, -0.0287308, -0.00740713, 0.99956, 1, -1, -1, -1
24057.4, -0.567932, -0.20155, -1.02328, 3684, 1741, 289, 0.0381903, 0.10383, -0.137309, 148, 19, 1.18754, 0.985253, 0.140699, 0.0973674, -0.136141, 0.989324, -0.0519979, -0.103644, 0.0379754, 0.993889, 1, -1, -1, -1
24224.2, 0.925226, -0.723368, -0.0215322, 3830, 1120, 328, 0.0115687, 0.0271146, -0.14175, 271, 32, 1.17464, 0.989606, 0.141577, 0.0252032, -0.141224, 0.98986, -0.0152824, -0.0271112, 0.0115642, 0.999566, 1, -1, -1, -1
24391.1, -0.33354, -0.823973, 0.458061, 3821, 1960, 615, -0.00895497, 0.0393049, -0.146885, 33, 1, 1, 0.988468, 0.146004, 0.0401807, -0.146245, 0.989244, 0.00310756, -0.0392948, -0.00894793, 0.999188, 1, -1, -1, -1
24557.9, -0.305565, 0.437664, 0.845624, 3821, 1720, 489, -0.0147875, 0.0448835, -0.0890268, 165, 0, 1, 0.995037, 0.0882387, 0.0460006, -0.0888197, 0.99599, 0.0107396, -0.0448684, -0.0147721, 0.998884, 1, -1, -1, -1
24724.7, -1.37551, 2.60261, -1.05644, 3815, 1736, 529, -0.0228158, 0.00531646, -0.091861, 495, 25, 3.12756, 0.99577, 0.0915872, 0.0073854, -0.0917306, 0.995536, 0.0222301, -0.00531644, -0.0228135, 0.999726, 1, -1, -1, -1
24891.6, -0.144839, -0.185209, 1.01962, 3641, 1751, 264, -0.0646639, 0.00406869, -0.0088296, 116, 14, 1.04637, 0.999953, 0.00854813, 0.00463057, -0.00882941, 0.997873, 0.0645805, -0.00406868, -0.0646183, 0.997902, 1, -1, -1, -1
25058.4, 0.407016, 0.172293, 0.897024, 3809, 1037, 90, -0.0861222, -0.0953693, 0.138477, 52, 1, 1, 0.985927, -0.129411, -0.105837, 0.137408, 0.987887, 0.0720968, 0.0952248, -0.0856249, 0.991766, 1, -1, -1, -1
25225.2, -0.815479, -1.88963, -0.180449, 3825, 1216, 179, -0.0701639, 0.011873, -0.0474136, 167, 3, 2.06598, 0.998806, 0.0464478, 0.015153, -0.0473925, 0.996458, 0.0694663, -0.0118728, -0.0701014, 0.997469, 1, -1, -1, -1
25392.1, 0.0136679, 0.117786, -0.188439, 3789, 1332, 278, -0.0249901, -0.0235392, -0.0735845, 223, 28, 0.222642, 0.997018, 0.0740817, -0.0216289, -0.0734977, 0.996939, 0.0266497, 0.023537, -0.0249806, 0.999411, 1, -1, -1, -1
25558.9, 18.1824, 10.4994, 0.259175, 3755, 897, 126, 0.171924, -0.250262, -0.0578071, 124, 19, 20.9978, 0.967229, 0.0146249, -0.253483, -0.055975, 0.986059, -0.156695, 0.247658, 0.165749, 0.954564, 1, -1, -1, -1
25725.7, -0.109888, 0.0135719, -0.0956707, 3804, 909, 106, 0.0170099, -0.0419535, -0.0217264, 72, 10, 0.14633, 0.998884, 0.0210084, -0.0422947, -0.0217056, 0.999635, -0.016094, 0.0419412, 0.0169941, 0.998976, 1, -1, -1, -1
25892.6, -0.190395, 0.316649, -1.0243, 3822, 971, 99, 0.129935, 0.0543404, -0.0297043, 84, 8, 1.0889, 0.998083, 0.0364839, 0.0499839, -0.0296561, 0.990924, -0.131112, -0.0543137, 0.129378, 0.990107, 1, -1, -1, -1
26059.4, 0.493813, 0.820999, -0.286548, 3793, 938, 136, -0.0517447, 0.0262129, -0.137472, 82, 0, 1, 0.990225, 0.135513, 0.0330157, -0.136992, 0.989426, 0.0476467, -0.0262099, -0.0517039, 0.998318, 1, -1, -1, -1
26226.2, 0.425262, -0.774969, 0.46752, 3777, 708, 58, 0.122017, 0.0690613, -0.0966197, 38, 0, 1, 0.992963, 0.104112, 0.0564322, -0.0962395, 0.987126, -0.127754, -0.0690064, 0.121424, 0.990199, 1, -1, -1, -1
26393.1, 0.383168, -0.192177, 0.565672, 3768, 1406, 379, 0.0395307, -0.0183355, -0.164393, 334, 14, 0.709743, 0.986352, 0.162811, -0.0245408, -0.163626, 0.985866, -0.0359894, 0.0183345, 0.0395137, 0.999051, 1, -1, -1, -1
26559.9, -0.172969, -0.0332561, 0.201296, 3804, 2072, 768, 0.0175155, -0.0370033, -0.121476, 150, 20, 0.267478, 0.991951, 0.120516, -0.038839, -0.121095, 0.992557, -0.0129033, 0.0369949, 0.0175026, 0.999162, 1, -1, -1, -1
26726.7, -0.337307, -0.244867, -0.717142, 3799, 2063, 530, -0.00356056, 0.0269743, -0.112123, 218, 2, 0.829475, 0.993359, 0.111792, 0.0271999, -0.111847, 0.993725, 0.000520484, -0.026971, -0.00355926, 0.99963, 1, -1, -1, -1
26893.6, 1.15463, 1.19261, -0.752537, 3769, 1542, 382, -0.0187109, 0.0322472, -0.0717357, 325, 29, 1.82258, 0.99691, 0.07106, 0.0334941, -0.0716369, 0.997297, 0.0163512, -0.0322416, -0.0187001, 0.999305, 1, -1, -1, -1
27060.4, 0.304565, 0.270986, -0.362748, 3764, 1407, 348, -0.0219534, 0.0739587, -0.0776982, 231, 52, 0.545691, 0.994258, 0.0759842, 0.0753545, -0.0774079, 0.996869, 0.0161514, -0.0738913, -0.0218917, 0.997026, 1, -1, -1, -1
27227.2, 1.15963, 0.311374, -0.767162, 3717, 1225, 546, 0.0382231, -0.0117154, -0.0653153, 539, 93, 1.42486, 0.997799, 0.0647744, -0.0141758, -0.0652643, 0.997168, -0.0373683, 0.0117152, 0.0382112, 0.999201, 1, -1, -1, -1
27394.1, -0.127299, 0.428141, -0.585373, 3703, 1976, 967, 0.0347492, -0.018353, -0.0310733, 888, 217, 0.736322, 0.999349, 0.0304122, -0.0194115, -0.031063, 0.998934, -0.0341556, 0.018352, 0.0347363, 0.999228, 1, -1, -1, -1
27560.9, -0.412983, 0.245723, -0.739453, 3682, 2201, 954, 0.0709251, 0.00689407, -0.037855, 879, 290, 0.881887, 0.99926, 0.038239, 0.00418978, -0.037845, 0.996753, -0.0710752, -0.00689402, 0.070864, 0.997462, 1, -1, -1, -1
27727.7, -0.428448, 0.846324, -0.99229, 3723, 2160, 752, 0.0219239, -0.0189294, -0.0114402, 567, 236, 1.37276, 0.999755, 0.0110223, -0.0191733, -0.0114379, 0.999699, -0.0217042, 0.0189283, 0.0219182, 0.999581, 1, -1, -1, -1
27894.6, -0.111374, 0.212794, -1.02252, 3693, 1811, 756, 0.0500854, -0.0121561, -0.0484994, 673, 289, 1.05035, 0.99875, 0.0478118, -0.0145534, -0.0484768, 0.997601, -0.049417, 0.0121558, 0.0500607, 0.998672, 1, -1, -1, -1
28061.4, 0.279236, -0.324538, -0.876226, 3633, 1982, 881, 0.0370369, 0.0150197, -0.0467842, 768, 303, 0.975228, 0.998793, 0.0472906, 0.0132607, -0.0467618, 0.998195, -0.0376899, -0.0150191, 0.0370243, 0.999201, 1, -1, -1, -1
28228.2, 0.328391, -0.531751, -1.28736, 3583, 1300, 471, 0.0313725, -0.00226925, -0.0378311, 439, 200, 1.43105, 0.999282, 0.0377324, -0.00345289, -0.037822, 0.998795, -0.0312592, 0.00226925, 0.0313673, 0.999505, 1, -1, -1, -1
28395.1, -0.864595, -0.0638735, -0.216453, 3617, 1464, 433, 0.00350706, 0.0345216, -0.0672065, 426, 125, 0.893564, 0.997148, 0.0672763, 0.0342011, -0.0671159, 0.997728, -0.00581699, -0.0345147, 0.00350496, 0.999398, 1, -1, -1, -1
28561.9, -0.13625, -0.268975, -0.403179, 3698, 1617, 460, -0.00366032, -0.0166494, -0.0996786, 348, 120, 0.503453, 0.994898, 0.0995736, -0.0162016, -0.0994999, 0.995023, 0.00529889, 0.0166486, -0.0036598, 0.999855, 1, -1, -1, -1
28728.7, -1.89393, -0.703435, 0.0408024, 3717, 1876, 598, -0.0383503, 0.0862297, -0.065043, 597, 91, 2.02076, 0.994178, 0.0616543, 0.0883696, -0.0647557, 0.997366, 0.0326662, -0.0861229, -0.0381984, 0.995552, 1, -1, -1, -1
28895.6, 0.0623492, -0.0113678, -0.0762106, 3669, 1812, 622, 0.0017433, 0.0424446, 0.00599879, 313, 157, 0.0991197, 0.999081, -0.00592478, 0.0424415, 0.00599335, 0.999981, -0.00148873, -0.0424319, 0.00174173, 0.999098, 1, -1, -1, -1
29062.4, -0.377448, 0.0473742, 0.494016, 3575, 1419, 565, -0.00954871, 0.0431565, -0.0254767, 224, 70, 0.623509, 0.998745, 0.025061, 0.0433704, -0.0254503, 0.99964, 0.00844649, -0.0431431, -0.00953967, 0.999023, 1, -1, -1, -1
29229.2, -0.687865, -1.67148, -2.3354, 3564, 864, 337, -0.00387748, -0.0232169, -0.0369422, 146, 30, 2.95315, 0.999048, 0.0370235, -0.0230556, -0.0369239, 0.999307, 0.00473223, 0.0232148, -0.00387642, 0.999723, 1, -1, -1, -1
29396.1, -7.86351, -3.0498, 1.03933, 3699, 1225, 383, -0.106765, 0.165844, -0.104014, 383, 90, 8.49801, 0.980949, 0.0857389, 0.174322, -0.102402, 0.990759, 0.0889434, -0.165085, -0.1051, 0.980664, 1, -1, -1, -1
29562.9, -0.576786, -0.386463, 0.148163, 3581, 1185, 309, -0.170809, 0.154748, -0.111154, 309, 96, 0.709921, 0.981953, 0.0832739, 0.169805, -0.1096, 0.982272, 0.152083, -0.154131, -0.167949, 0.973672, 1, -1, -1, -1
29729.7, 0.122517, -0.0239987, -0.169183, 3739, 998, 186, -0.0343601, -0.0567566, -0.139517, 115, 16, 0.21026, 0.988689, 0.140912, -0.0513644, -0.138841, 0.989428, 0.0419034, 0.0567261, -0.034298, 0.9978, 1, -1, -1, -1
29896.6, -1.04453, 0.0356307, -0.504422, 3758, 836, 240, -0.00221971, 0.0143101, -0.069641, 239, 18, 1.1605, 0.997474, 0.0695529, 0.0144294, -0.0695776, 0.997576, 0.0012186, -0.0143096, -0.00221948, 0.999895, 1, -1, -1, -1
30063.4, 0.188005, 0.0773175, -0.260109, 3773, 959, 171, -0.0203581, -0.0640401, -0.0198699, 90, 13, 0.330122, 0.997753, 0.021167, -0.063566, -0.0198279, 0.99957, 0.0216239, 0.0639964, -0.020315, 0.997743, 1, -1, -1, -1
30230.2, 1.10843, 0.243365, -1.13746, 3617, 405, 138, -0.0220521, -0.0692519, -0.0237371, 117, 20, 1.60676, 0.997322, 0.0252545, -0.0686369, -0.023678, 0.999439, 0.0236861, 0.0691965, -0.0219975, 0.99736, 1, -1, -1, -1
30397.1, -0.0301185, 0.00184189, 0.0338587, 3587, 746, 192, -0.0190576, -0.0277212, -0.0804676, 101, 9, 0.0453534, 0.996381, 0.0808927, -0.0260911, -0.0803499, 0.996541, 0.0212223, 0.0277176, -0.0190491, 0.999434, 1, -1, -1, -1
30563.9, -0.525181, 4.70592, 1.50485, 3592, 763, 169, 0.0665696, -0.026657, -0.0168776, 168, 6, 4.9685, 0.999502, 0.0150666, -0.0277137, -0.0168708, 0.997673, -0.0660621, 0.0266539, 0.0664968, 0.997431, 1, -1, -1, -1
30730.7, -0.168344, 0.0366761, 0.099943, 3555, 841, 284, 0.00168391, -0.0186375, -0.119389, 236, 29, 0.199182, 0.992709, 0.119074, -0.0187043, -0.119085, 0.992884, 0.000547779, 0.0186365, 0.00168362, 0.999825, 1, -1, -1, -1
30897.6, -0.640912, 0.240464, 0.450783, 3516, 1082, 473, 0.0146963, -0.030126, -0.137821, 239, 46, 0.819632, 0.990068, 0.136932, -0.0318516, -0.137323, 0.990472, -0.0104186, 0.0301215, 0.0146891, 0.999438, 1, -1, -1, -1
31064.4, 0.388713, -0.389934, 2.34133, 3528, 1013, 199, 0.0184705, -0.0371537, -0.144272, 117, 15, 2.4052, 0.988928, 0.143069, -0.0394083, -0.143673, 0.989541, -0.012938, 0.0371451, 0.0184567, 0.999139, 1, -1, -1, -1
31231.2, 0.479083, -0.0932165, 0.872806, 3575, 916, 418, 0.0224583, -0.0264497, -0.148198, 126, 1, 1, 0.988693, 0.147031, -0.029466, -0.147604, 0.988877, -0.0183063, 0.0264467, 0.0224486, 0.999398, 1, -1, -1, -1
31398.1, -0.393455, 0.0314591, 0.314502, 3534, 1013, 541, 0.0288612, -0.0411389, -0.130897, 176, 50, 0.504686, 0.990606, 0.129293, -0.044525, -0.130413, 0.991187, -0.0232445, 0.0411273, 0.0288328, 0.998738, 1, -1, -1, -1
31564.9, -0.56466, -0.628384, 1.25157, 3513, 1222, 658, 0.0225815, -0.0259763, -0.128866, 576, 89, 1.51001, 0.991374, 0.127895, -0.0286531, -0.128466, 0.991531, -0.0190553, 0.0259734, 0.0225719, 0.999408, 1, -1, -1, -1
31731.7, -0.032697, -0.347619, 0.81602, 3652, 1208, 622, 0.0479968, -0.0271669, -0.176031, 357, 157, 0.887579, 0.984183, 0.173639, -0.0351151, -0.175059, 0.983641, -0.0424854, 0.0271636, 0.0479606, 0.99848, 1, -1, -1, -1
31898.6, -0.487006, 0.800871, -0.34847, 3677, 1283, 749, 0.0505664, -0.00955782, -0.138877, 24, 0, 1, 0.990327, 0.137776, -0.0164505, -0.138425, 0.989173, -0.0487369, 0.00955767, 0.0505426, 0.998676, 1, -1, -1, -1
32065.4, -1.36538, -15.4185, -5.68927, 3551, 1070, 616, 0.0186698, 0.00428225, -0.124038, 586, 2, 16.4912, 0.992308, 0.123778, 0.0019389, -0.123719, 0.992134, -0.019055, -0.00428224, 0.0186685, 0.999817, 1, -1, -1, -1
32232.2, 0.299396, 0.0185747, -0.445065, 3703, 1223, 916, 0.0497106, 0.0100095, -0.0557733, 757, 278, 0.536718, 0.998395, 0.0561721, 0.00721148, -0.0557416, 0.997184, -0.0501701, -0.0100093, 0.0496876, 0.998715, 1, -1, -1, -1
32399.1, -1.73159, 0.736825, -2.00432, 3537, 1620, 1167, 0.0491925, 0.0467751, -0.0200651, 1166, 504, 2.74929, 0.998705, 0.0223383, 0.0457054, -0.0200418, 0.998543, -0.0500998, -0.046758, 0.0491189, 0.997698, 1, -1, -1, -1
