2035.37, -1, -1, -1, -1, -1, -1, -1, -1, -1, -1, -1, -1, -1, 0, 0, 0, -1, 0, 0, 0, -1, 0, -1, -1, -1
2202.2, 0.441294, 0.306542, -0.843381, 3891, 2720, 2082, 0.0184631, 0.00321178, -0.0180423, 1018, 0, 1, 0.999832, 0.0180976, 0.00287762, -0.0180412, 0.999666, -0.0185169, -0.00321177, 0.0184619, 0.999824, 1, -1, -1, -1
2369.04, 1.25147, 1.89403, -1.90571, 3892, 2187, 1110, 0.0273203, 0.0070792, -0.0365883, 1075, 226, 2.96399, 0.999306, 0.0367597, 0.00607251, -0.0365792, 0.998951, -0.0275575, -0.00707914, 0.0273162, 0.999602, 1, -1, -1, -1
2535.87, 0.894106, 1.36993, -1.1355, 3886, 2301, 771, 0.00545447, 0.0347683, -0.0101589, 750, 319, 1.99136, 0.999344, 0.0103481, 0.0347036, -0.0101526, 0.999932, -0.00580728, -0.0347613, 0.00545115, 0.999381, 1, -1, -1, -1
2702.7, -0.576639, 1.38455, -0.417227, 3888, 1881, 861, 0.0516793, 0.0308523, 0.00330772, 857, 297, 1.55678, 0.999519, -0.00170984, 0.0309769, 0.00330614, 0.998665, -0.0515541, -0.0308474, 0.0516317, 0.99819, 1, -1, -1, -1
2869.54, -1.46121, -0.781504, -0.0460181, 3892, 1965, 810, 0.00784, 0.0659538, -0.0561354, 806, 195, 1.65771, 0.996254, 0.0566201, 0.0653603, -0.055984, 0.998365, -0.0115252, -0.065906, 0.00782288, 0.997795, 1, -1, -1, -1
3036.37, -0.0681105, -0.0684986, -0.129205, 3884, 2010, 1293, 0.0674433, -0.0314614, -0.0602666, 1095, 347, 0.161323, 0.997691, 0.0579771, -0.0353867, -0.0602003, 0.996043, -0.0653795, 0.0314562, 0.0673588, 0.997233, 1, -1, -1, -1
3203.2, 0.154749, -1.16537, -1.35917, 3886, 2534, 1716, 0.0263122, 0.00301529, -0.0683975, 1688, 499, 1.79705, 0.997657, 0.0683997, 0.00120911, -0.0683439, 0.997311, -0.0264536, -0.00301528, 0.026309, 0.999649, 1, -1, -1, -1
3370.04, -0.0399382, -0.207286, -0.449001, 3884, 3485, 2902, 0.0267914, -9.85711e-05, -0.0766725, 2306, 909, 0.496149, 0.997062, 0.0765672, -0.00215015, -0.0765974, 0.996704, -0.0267019, 9.85711e-05, 0.0267882, 0.999641, 1, -1, -1, -1
3536.87, 0.821434, -0.239134, -0.128948, 3886, 3683, 1609, 0.0137551, 0.019741, -0.119934, 1209, 688, 0.865197, 0.992623, 0.119905, 0.0179504, -0.119624, 0.99269, -0.0160174, -0.0197397, 0.013752, 0.999711, 1, -1, -1, -1
3703.7, -0.160417, 0.611706, 0.373673, 3882, 2284, 948, 0.00690021, 0.0373301, -0.156143, 329, 135, 0.73454, 0.987146, 0.15576, 0.0357935, -0.155401, 0.987771, -0.0126199, -0.0373214, 0.00689535, 0.99928, 1, -1, -1, -1
3870.54, 0.446201, 0.657009, 0.54962, 3733, 1931, 648, 0.00184539, 0.0448403, -0.152676, 288, 118, 0.965836, 0.987374, 0.152165, 0.0440232, -0.15193, 0.988353, -0.0086411, -0.0448253, 0.00184354, 0.998993, 1, -1, -1, -1
4037.37, -0.347575, 0.523334, 0.566188, 3731, 1872, 664, -0.00477757, 0.0238864, -0.150208, 74, 12, 0.845728, 0.988458, 0.14953, 0.0243298, -0.149601, 0.988746, 0.00114968, -0.0238841, -0.00477619, 0.999703, 1, -1, -1, -1
4204.2, 1.87271, -1.9448, -3.39348, 3727, 1290, 468, 0.00629998, 0.0256773, -0.140718, 59, 2, 4.33647, 0.989789, 0.140412, 0.0245366, -0.140208, 0.990073, -0.00983855, -0.0256745, 0.00629786, 0.999651, 1, -1, -1, -1
4371.04, -0.598574, 0.492112, -0.632087, 3861, 1701, 404, 0.0415838, 0.0828371, -0.106017, 170, 0, 1, 0.990976, 0.109148, 0.0778076, -0.105456, 0.993162, -0.0500866, -0.0827424, 0.0414293, 0.995709, 1, -1, -1, -1
4537.87, 0.065145, -0.336844, -0.923961, 3859, 1791, 554, -0.0283815, 0.0340881, -0.054396, 393, 15, 0.985602, 0.997941, 0.0533816, 0.0355603, -0.0543376, 0.998171, 0.0264835, -0.0340815, -0.0283612, 0.999017, 1, -1, -1, -1
4704.7, 0.194192, 0.165998, -0.663768, 3858, 1975, 1131, -0.0149155, 0.00777401, -0.0705391, 756, 136, 0.711234, 0.997483, 0.0703571, 0.00880495, -0.0704785, 0.99741, 0.01433, -0.00777393, -0.0149145, 0.999859, 1, -1, -1, -1
4871.54, 0.545931, 0.228596, -1.16294, 3868, 2169, 1376, -0.0184405, -0.0187025, -0.079952, 1184, 318, 1.30489, 0.996631, 0.080197, -0.0171657, -0.0798529, 0.996609, 0.0198739, 0.0187014, -0.0184362, 0.999655, 1, -1, -1, -1
5038.37, 0.313653, -0.0452852, -0.913828, 3870, 2623, 944, -0.0169186, -0.031366, -0.0645266, 508, 192, 0.967218, 0.997428, 0.065002, -0.0302002, -0.0644501, 0.997742, 0.0189045, 0.0313609, -0.0169095, 0.999365, 1, -1, -1, -1
5205.21, 0.195849, -0.044433, -0.563928, 3880, 1448, 713, -0.0306942, -0.0159895, -0.0632021, 346, 145, 0.59862, 0.997876, 0.06362, -0.014011, -0.0631519, 0.997502, 0.0316375, 0.0159888, -0.0306855, 0.999401, 1, -1, -1, -1
5372.04, 0.298022, 0.153136, -0.853274, 3874, 1901, 893, -0.038289, 0.0173869, -0.0412056, 381, 166, 0.916703, 0.999, 0.0404988, 0.0189354, -0.0411878, 0.998446, 0.0375314, -0.017386, -0.0382738, 0.999116, 1, -1, -1, -1
5538.87, 0.286097, 0.286077, -0.904327, 3875, 1874, 1166, -0.0439084, 0.00879299, -0.0602707, 548, 185, 0.990706, 0.998146, 0.0597909, 0.0114124, -0.0602319, 0.997245, 0.0432855, -0.00879288, -0.0438926, 0.998998, 1, -1, -1, -1
5705.71, 0.554504, 0.725356, -0.71265, 3871, 2216, 1474, -0.0319995, 0.00215235, -0.0746265, 768, 307, 1.15823, 0.997214, 0.0744505, 0.00453065, -0.0745571, 0.996711, 0.0317446, -0.00215235, -0.031994, 0.999486, 1, -1, -1, -1
5872.54, -0.223735, 0.119498, 0.755541, 3859, 2274, 1290, -0.0138927, -0.00844784, -0.0759684, 329, 42, 0.796982, 0.99708, 0.076005, -0.00736821, -0.0758926, 0.997011, 0.0144932, 0.00844774, -0.0138917, 0.999868, 1, -1, -1, -1
6039.37, -1.1773, 0.374686, 0.341343, 3873, 1829, 616, 0.00360754, -0.0301962, -0.133107, 143, 10, 1.28177, 0.990702, 0.132606, -0.0304031, -0.132654, 0.991162, 0.000431226, 0.0301916, 0.00360589, 0.999538, 1, -1, -1, -1
6206.21, -1.07334, 0.809392, 1.032, 3879, 1558, 661, 0.0179722, -0.0370659, -0.151857, 511, 43, 1.69476, 0.987813, 0.150591, -0.0393436, -0.15117, 0.988433, -0.0121595, 0.0370574, 0.0179589, 0.999152, 1, -1, -1, -1
6373.04, -1.04487, 0.269355, 0.563863, 3873, 1742, 731, 0.0287837, -0.0599418, -0.152375, 634, 221, 1.21748, 0.986638, 0.150019, -0.0635556, -0.151513, 0.988266, -0.0193572, 0.0599059, 0.028728, 0.997791, 1, -1, -1, -1
6539.87, -0.232097, 0.168959, 0.390399, 3882, 2357, 891, 0.0212836, -0.0301668, -0.148987, 214, 63, 0.48459, 0.988472, 0.147768, -0.0329804, -0.148369, 0.988793, -0.0165701, 0.0301623, 0.0212723, 0.999319, 1, -1, -1, -1
6706.71, 3.25158, 2.30486, 0.534287, 3890, 1556, 477, 0.0523542, -0.0238629, -0.13775, 473, 20, 4.02127, 0.990246, 0.135889, -0.0307879, -0.137275, 0.989342, -0.0485627, 0.0238606, 0.0523154, 0.998346, 1, -1, -1, -1
6873.54, 0.191398, -0.190905, 0.32869, 3894, 2022, 965, 0.0253269, -0.0276426, -0.139116, 67, 15, 0.425577, 0.989961, 0.13793, -0.030875, -0.138615, 0.990118, -0.0212481, 0.0276391, 0.0253146, 0.999297, 1, -1, -1, -1
7040.37, 1.4934, 0.825193, -0.617655, 3896, 1774, 924, 0.0345874, -0.00238044, -0.105434, 901, 29, 1.81458, 0.994444, 0.105094, -0.006005, -0.105238, 0.993861, -0.0341381, 0.00238044, 0.0345804, 0.999399, 1, -1, -1, -1
7207.21, 0.705485, 0.329457, -0.485575, 3897, 2017, 1018, 0.0304477, 0.026607, -0.0503153, 820, 279, 0.917624, 0.998381, 0.0510796, 0.0250268, -0.0502762, 0.998231, -0.0317418, -0.0266039, 0.0304322, 0.999183, 1, -1, -1, -1
7374.04, 2.10668, 1.74179, -1.29224, 3865, 1977, 752, 0.0156453, 0.0271087, -0.0101957, 740, 221, 3.02354, 0.999581, 0.0106183, 0.0269411, -0.0101918, 0.999821, -0.0159202, -0.0271053, 0.0156389, 0.99951, 1, -1, -1, -1
7540.87, -0.0375066, 0.0184742, -0.351017, 3882, 2370, 1303, 0.0469572, -0.00239833, 0.0040816, 985, 282, 0.353498, 0.999989, -0.00418966, -0.00220408, 0.00408157, 0.998889, -0.0469493, 0.00239833, 0.0469398, 0.998895, 1, -1, -1, -1
7707.71, 0.667378, 0.298545, -1.7102, 3869, 2367, 1329, 0.0377431, -0.0180367, -0.016972, 1290, 421, 1.85992, 0.999693, 0.0162786, -0.0186607, -0.0169684, 0.999155, -0.0374229, 0.0180357, 0.037728, 0.999125, 1, -1, -1, -1
7874.54, -0.0480217, -0.146009, -0.614612, 3868, 2958, 1683, 0.0176672, -0.0061399, -0.0153878, 1366, 597, 0.633539, 0.999863, 0.0152763, -0.00641001, -0.0153869, 0.999727, -0.0175697, 0.00613986, 0.017666, 0.999825, 1, -1, -1, -1
8041.37, -0.0178455, 0.345649, -0.586725, 3861, 2853, 1947, 0.027269, 0.00408555, -0.0634822, 1301, 496, 0.681203, 0.997977, 0.0635272, 0.00234607, -0.0634391, 0.997608, -0.0274698, -0.00408554, 0.0272654, 0.99962, 1, -1, -1, -1
8208.21, 0.340739, 0.479324, -0.946149, 3859, 2323, 1760, 0.0198687, -0.0101538, -0.0621427, 1429, 561, 1.11402, 0.998018, 0.0618892, -0.0113658, -0.0620995, 0.997885, -0.0191986, 0.0101536, 0.0198664, 0.999751, 1, -1, -1, -1
8375.04, -0.646167, 0.247046, -0.456202, 3845, 3003, 1909, 0.0135266, 0.00190654, -0.107009, 1346, 524, 0.828664, 0.994278, 0.106821, 0.000450782, -0.106805, 0.994186, -0.0136525, -0.00190653, 0.0135262, 0.999907, 1, -1, -1, -1
8541.88, -0.434017, 0.612507, -0.338528, 3856, 2874, 1641, 0.0163331, 0.00640156, -0.128792, 590, 224, 0.823491, 0.991697, 0.128523, 0.00424998, -0.128434, 0.991572, -0.0170192, -0.00640152, 0.0163321, 0.999846, 1, -1, -1, -1
8708.71, 0.0428236, -0.762495, -0.663659, 3850, 2288, 826, -0.0206888, 0.0382822, -0.140321, 506, 72, 1.01177, 0.989446, 0.139047, 0.0407819, -0.139759, 0.99007, 0.0151323, -0.0382729, -0.0206722, 0.999053, 1, -1, -1, -1
8875.54, -0.403626, 2.11596, 2.01593, 3832, 2060, 948, 0.00772807, 0.021665, -0.134545, 76, 2, 2.95028, 0.99073, 0.134301, 0.0204303, -0.134108, 0.99091, -0.010564, -0.0216633, 0.00772618, 0.999735, 1, -1, -1, -1
9042.38, 0.229121, 0.918658, 0.134663, 3821, 1944, 799, -0.00425555, 0.0328086, -0.145229, 254, 7, 0.956328, 0.98894, 0.14458, 0.033073, -0.144641, 0.989484, -0.000536402, -0.0328027, -0.00425325, 0.999453, 1, -1, -1, -1
9209.21, 0.166012, 0.353157, 0.590467, 3836, 1424, 792, -0.0152506, 0.0157893, -0.145443, 151, 41, 0.707764, 0.989318, 0.144676, 0.0178303, -0.144913, 0.989362, 0.012801, -0.0157887, -0.0152481, 0.999759, 1, -1, -1, -1
9376.04, -2.79674, -0.0784264, -0.32704, 3857, 2111, 818, -0.0317977, 0.0456995, -0.0940146, 811, 93, 2.81689, 0.994544, 0.0923827, 0.0484434, -0.0937782, 0.995217, 0.0273655, -0.0456836, -0.0317592, 0.998451, 1, -1, -1, -1
9542.88, -0.839917, -0.479509, -0.0665336, 3875, 2519, 1158, -0.0526435, 0.0300455, -0.079564, 1150, 372, 0.969442, 0.996387, 0.0777942, 0.0340867, -0.0794442, 0.995581, 0.0500684, -0.030041, -0.0525955, 0.998164, 1, -1, -1, -1
9709.71, -1.64702, -0.111827, -0.136256, 3885, 2726, 1129, -0.0188687, 0.0250372, -0.0964733, 1124, 402, 1.65642, 0.995038, 0.0958364, 0.0267311, -0.0962935, 0.995218, 0.0163689, -0.0250345, -0.0188617, 0.999509, 1, -1, -1, -1
9876.54, -0.133634, 0.00703254, -0.163328, 3896, 2887, 1422, -0.0113036, -0.0319491, -0.0820542, 929, 407, 0.211148, 0.996127, 0.0823168, -0.0309077, -0.0819203, 0.996542, 0.0138833, 0.0319437, -0.0112976, 0.999426, 1, -1, -1, -1
10043.4, -1.06978, -0.00445545, -1.35021, 3757, 2669, 1171, -0.0341091, -0.0258941, -0.0560608, 1041, 503, 1.72264, 0.998094, 0.0568804, -0.0239247, -0.0560127, 0.997799, 0.0354987, 0.0258912, -0.034091, 0.999083, 1, -1, -1, -1
10210.2, -0.170477, 0.117226, -0.434106, 3918, 2451, 650, -0.0308501, -0.0388641, -0.0750425, 253, 124, 0.480887, 0.996433, 0.0761315, -0.036414, -0.0749155, 0.996621, 0.03367, 0.0388543, -0.0308219, 0.998769, 1, -1, -1, -1
10377, 0.196475, 0.161753, 1.31443, 3933, 2194, 400, -0.038598, -0.0276262, -0.0264865, 211, 11, 1.33884, 0.999268, 0.0275292, -0.0265705, -0.0264733, 0.998876, 0.0393059, 0.0276227, -0.0385737, 0.998874, 1, -1, -1, -1
10543.9, -0.0764448, -0.0217011, -0.996838, 3924, 2017, 467, -0.022889, -0.0256994, -0.07092, 193, 0, 1, 0.997157, 0.0714287, -0.0240035, -0.0708372, 0.997183, 0.0246499, 0.0256966, -0.0228795, 0.999408, 1, -1, -1, -1
10710.7, 0.390519, -0.575213, -0.555425, 3929, 2131, 632, 0.00629144, -0.00342091, -0.102095, 393, 9, 0.889872, 0.994787, 0.101894, -0.00404422, -0.101917, 0.994775, -0.00590999, 0.0034209, 0.00629136, 0.999974, 1, -1, -1, -1
10877.5, 2.56411, -0.920794, 0.312026, 3938, 2237, 782, 0.0370013, -0.0031623, -0.114424, 765, 76, 2.74224, 0.993456, 0.11398, -0.0073631, -0.114174, 0.992794, -0.0363902, 0.0031623, 0.0369927, 0.999311, 1, -1, -1, -1
11044.4, 0.130668, -0.0513257, 0.202306, 3784, 2810, 1042, 0.0301694, 0.0133284, -0.139455, 258, 35, 0.246245, 0.990204, 0.139338, 0.00899964, -0.138991, 0.989785, -0.0317238, -0.013328, 0.0301622, 0.999456, 1, -1, -1, -1
11211.2, 0.856666, -0.361359, 0.989744, 3936, 2017, 891, 0.0252957, -0.0336541, -0.15796, 781, 85, 1.35796, 0.986991, 0.156413, -0.0371969, -0.157215, 0.987368, -0.0196869, 0.0336477, 0.0252787, 0.999114, 1, -1, -1, -1
11378, -0.557599, -0.297967, 0.706845, 3934, 2654, 1323, 0.0315745, -0.0417444, -0.116856, 768, 260, 0.94833, 0.992315, 0.115223, -0.0451077, -0.116488, 0.992839, -0.0264909, 0.0417323, 0.0315418, 0.998631, 1, -1, -1, -1
11544.9, 0.609597, -0.747629, 0.963062, 3936, 2950, 1447, 0.0355246, -0.0385136, -0.150029, 1336, 511, 1.3631, 0.988034, 0.14802, -0.0433561, -0.149356, 0.988347, -0.0293667, 0.0385041, 0.0354907, 0.998628, 1, -1, -1, -1
11711.7, 0.168524, -0.242221, 0.654233, 3934, 2975, 1281, 0.0600826, -0.0321755, -0.149134, 920, 510, 0.717699, 0.988388, 0.146403, -0.0406772, -0.148505, 0.987403, -0.0546087, 0.0321699, 0.0600153, 0.997679, 1, -1, -1, -1
11878.5, -0.564255, -0.605948, -0.634917, 3934, 3118, 1914, 0.0320159, 0.0105035, -0.10509, 1834, 709, 1.0434, 0.994428, 0.105178, 0.00708217, -0.104891, 0.993938, -0.032935, -0.0105033, 0.0320087, 0.999432, 1, -1, -1, -1
12045.4, 0.65598, -0.260843, -0.65069, 3932, 3239, 2169, 0.0417239, 0.0186809, -0.0790095, 1593, 827, 0.960076, 0.996706, 0.0796354, 0.0153131, -0.0789136, 0.995951, -0.0430547, -0.0186798, 0.0417045, 0.998955, 1, -1, -1, -1
12212.2, -0.618095, 0.474759, -0.941446, 3924, 2496, 1962, 0.0500252, 0.0300481, -0.0441235, 1754, 923, 1.22219, 0.998576, 0.0455549, 0.0277711, -0.0440893, 0.997711, -0.0512792, -0.0300435, 0.0499818, 0.998298, 1, -1, -1, -1
12379, 0.302562, 0.505926, -1.22233, 3929, 3502, 1786, 0.0301349, 0.0189534, -0.0380765, 1579, 927, 1.35705, 0.999096, 0.0386206, 0.0177829, -0.0380605, 0.9988, -0.0308297, -0.0189522, 0.0301249, 0.999366, 1, -1, -1, -1
12545.9, 0.119495, 0.211783, -0.334111, 3928, 2693, 920, -0.0138952, 0.0244079, -0.0178098, 445, 298, 0.413232, 0.999544, 0.017468, 0.0246467, -0.0178035, 0.999751, 0.0134579, -0.0244055, -0.0138906, 0.999606, 1, -1, -1, -1
12712.7, 0.00593323, 1.97857, -1.90851, 3920, 2213, 610, -0.0138037, 0.00345418, -0.0396016, 440, 196, 2.74903, 0.99921, 0.0395398, 0.00399762, -0.039591, 0.999123, 0.0136557, -0.00345417, -0.0138032, 0.999899, 1, -1, -1, -1
12879.5, 0.239313, 0.562508, -0.657698, 3919, 2233, 891, 0.0159669, 0.0137137, -0.0401679, 793, 297, 0.897916, 0.999099, 0.0403708, 0.0130594, -0.0401533, 0.999057, -0.0165039, -0.0137133, 0.0159647, 0.999779, 1, -1, -1, -1
13046.4, -0.193008, -0.376436, -0.693515, 3772, 2587, 1489, 0.0574244, 0.00235661, -0.0661155, 1406, 377, 0.812354, 0.997812, 0.0660934, -0.00144421, -0.0660672, 0.996162, -0.0574229, -0.00235661, 0.0573927, 0.998349, 1, -1, -1, -1
13213.2, -0.176516, -0.451172, -0.895989, 3920, 2241, 1558, 0.0500079, -0.00453205, -0.0461185, 1485, 646, 1.01858, 0.998926, 0.0458182, -0.00682606, -0.0461017, 0.997698, -0.0497252, 0.00453203, 0.0499865, 0.99874, 1, -1, -1, -1
13380, 0.0891098, -0.352848, -0.560983, 3918, 3577, 2386, 0.02065, 0.00620265, -0.0888677, 2189, 929, 0.668689, 0.996035, 0.0888594, 0.00434424, -0.0887491, 0.99583, -0.0211175, -0.00620261, 0.0206482, 0.999768, 1, -1, -1, -1
13546.9, 2.18065, 0.0389578, 0.0832805, 3917, 3644, 1731, 0.0154793, -0.0078633, -0.124198, 1702, 933, 2.18259, 0.992267, 0.123743, -0.0097192, -0.123875, 0.992194, -0.0143855, 0.00786322, 0.0154782, 0.999849, 1, -1, -1, -1
13713.7, -0.177384, 0.185605, 0.196937, 3917, 3431, 1933, 0.00339109, 0.0162688, -0.147279, 960, 406, 0.323572, 0.989043, 0.1468, 0.0155943, -0.146727, 0.98916, -0.00574165, -0.0162681, 0.00339063, 0.999862, 1, -1, -1, -1
13880.5, 0.969464, -0.0869721, 1.07786, 3920, 2811, 1224, 0.005322, 0.0581564, -0.156372, 986, 547, 1.45231, 0.986129, 0.156039, 0.0565848, -0.155472, 0.987737, -0.0143088, -0.0581236, 0.00531297, 0.998295, 1, -1, -1, -1
14047.4, -0.0980153, 0.164425, -0.34564, 3769, 2930, 1371, 0.0244558, 0.0468848, -0.148128, 227, 122, 0.395107, 0.987962, 0.148677, 0.0427316, -0.147425, 0.988584, -0.0311006, -0.0468677, 0.0244265, 0.998602, 1, -1, -1, -1
14214.2, 1.27041, -0.627603, 1.031, 3767, 2220, 997, 0.0203555, 0.0529999, -0.113974, 212, 28, 1.75237, 0.992117, 0.114775, 0.0503057, -0.113567, 0.993184, -0.0262455, -0.0529751, 0.0203255, 0.998389, 1, -1, -1, -1
14381, 0.862252, 1.04768, -0.340126, 3909, 2292, 1277, -0.00449093, 0.0254501, -0.120222, 876, 101, 1.39885, 0.992461, 0.119818, 0.025802, -0.119894, 0.992786, 0.00140657, -0.0254473, -0.00448946, 0.999666, 1, -1, -1, -1
14547.9, 2.67158, 1.86523, -0.0554299, 3757, 2920, 1643, -0.00338031, -0.00676118, -0.127476, 1633, 579, 3.25876, 0.991863, 0.127153, -0.00627649, -0.127129, 0.991877, 0.00421242, 0.00676113, -0.00338022, 0.999971, 1, -1, -1, -1
14714.7, -0.0882362, -0.00298172, 0.182113, 3907, 3403, 2015, -0.0209107, 0.000635468, -0.0491262, 481, 250, 0.202385, 0.998793, 0.0490825, 0.00166134, -0.0491065, 0.998576, 0.0208528, -0.000635468, -0.0209092, 0.999781, 1, -1, -1, -1
14881.5, 1.11227, -0.865358, 0.280015, 3905, 2397, 454, -0.0860616, -0.0710694, -0.0311923, 370, 49, 1.4368, 0.99699, 0.0371725, -0.0680317, -0.0311085, 0.995624, 0.08812, 0.0710096, -0.0857384, 0.993784, 1, -1, -1, -1
15048.4, 0.35543, -0.0990844, -0.997223, 3896, 2352, 1008, -0.0266336, -0.019954, -0.0560924, 688, 75, 1.0633, 0.998228, 0.0565736, -0.0184213, -0.0560518, 0.998043, 0.0277068, 0.0199527, -0.0266251, 0.999446, 1, -1, -1, -1
15215.2, 0.403111, -0.233467, -1.15213, 3906, 2476, 953, -0.0140907, -0.00107753, -0.0472787, 663, 185, 1.24274, 0.998882, 0.0472716, -0.000410299, -0.0472611, 0.998783, 0.0141254, 0.00107753, -0.0140903, 0.9999, 1, -1, -1, -1
15382, 0.452184, -0.196695, -0.814514, 3890, 2695, 1652, -0.0254871, 0.00709059, -0.0528455, 1557, 364, 0.952151, 0.998579, 0.0526233, 0.00842444, -0.0528196, 0.998289, 0.0250744, -0.00709053, -0.0254837, 0.99965, 1, -1, -1, -1
15548.9, 0.0715678, 0.687339, -0.6943, 3869, 3280, 1412, -0.039475, 0.00616854, -0.0445406, 1196, 495, 0.979597, 0.998989, 0.044248, 0.00791478, -0.044525, 0.998241, 0.0391512, -0.0061685, -0.039464, 0.999202, 1, -1, -1, -1
15715.7, 0.416204, -0.42429, -0.482289, 3863, 3022, 1942, -0.0312528, -0.0137542, -0.0686557, 747, 237, 0.765408, 0.99755, 0.068997, -0.011571, -0.0685952, 0.997127, 0.0321172, 0.0137538, -0.0312448, 0.999417, 1, -1, -1, -1
15882.5, 0.434406, -0.797718, 0.375833, 3845, 2257, 492, 0.037369, 0.0127332, -0.15241, 254, 17, 0.983012, 0.988328, 0.152185, 0.00690445, -0.151808, 0.987646, -0.038859, -0.0127329, 0.0373573, 0.999221, 1, -1, -1, -1
16049.4, -0.120948, 0.148913, 0.431211, 3849, 2163, 325, 0.0221967, -0.016436, -0.164239, 193, 9, 0.47196, 0.98641, 0.163101, -0.019839, -0.163479, 0.98636, -0.0192096, 0.0164353, 0.0221919, 0.999619, 1, -1, -1, -1
16216.2, -1.53215, 1.35488, 1.19895, 3879, 1567, 369, 0.0306843, -0.0236617, -0.149953, 338, 72, 2.37079, 0.988501, 0.148604, -0.0279663, -0.14935, 0.988421, -0.0268023, 0.0236595, 0.0306709, 0.999249, 1, -1, -1, -1
16383, -1.42576, 0.0637254, 0.128532, 3908, 2036, 671, 0.0319953, -0.0275018, -0.158671, 650, 150, 1.43296, 0.987065, 0.157057, -0.0321936, -0.157946, 0.987072, -0.0272453, 0.0274984, 0.0319777, 0.99911, 1, -1, -1, -1
16549.9, -0.47527, 0.00165998, 0.0343235, 3906, 2250, 1139, 0.0351884, -0.0359668, -0.125261, 1103, 356, 0.47651, 0.991523, 0.123601, -0.0400506, -0.124853, 0.991709, -0.0304157, 0.0359591, 0.0351584, 0.998735, 1, -1, -1, -1
16716.7, 0.720004, 0.377368, -0.22132, 3907, 2944, 1010, 0.00892888, 0.0347396, -0.108976, 820, 203, 0.842493, 0.993468, 0.109064, 0.0335541, -0.108694, 0.993995, -0.0126532, -0.0347326, 0.00892338, 0.999357, 1, -1, -1, -1
16883.6, 0.340656, 0.566556, -0.462038, 3885, 2519, 1186, -0.0219839, 0.0432864, -0.0888973, 860, 264, 0.806542, 0.995118, 0.0878113, 0.0450432, -0.0886971, 0.995895, 0.0180545, -0.0432729, -0.0219616, 0.998822, 1, -1, -1, -1
17050.4, 0.178792, -0.524374, -1.005, 3855, 2415, 1098, -0.00335014, 0.0418536, 0.0174527, 607, 179, 1.14759, 0.998972, -0.0175919, 0.0417763, 0.0174366, 0.99984, 0.00407983, -0.0418414, -0.0033472, 0.999119, 1, -1, -1, -1
17217.2, 0.151008, 0.278217, -0.852089, 3832, 1958, 979, 0.049787, 0.00247254, -0.0471899, 777, 17, 0.90899, 0.998884, 0.0472369, 0.000119121, -0.0471723, 0.997643, -0.0498275, -0.00247254, 0.0497663, 0.998758, 1, -1, -1, -1
17384.1, -0.308145, 0.0779642, -1.04377, 3878, 2463, 1497, 0.050579, -0.0111881, -0.0285825, 1390, 359, 1.0911, 0.999529, 0.0279766, -0.0126139, -0.0285768, 0.998329, -0.0502174, 0.0111879, 0.0505542, 0.998659, 1, -1, -1, -1
17550.9, -0.21702, 0.135321, -1.28211, 3880, 2937, 1766, 0.0370111, -0.010113, -0.0213445, 1637, 624, 1.30737, 0.999721, 0.0209542, -0.0108933, -0.0213418, 0.999096, -0.0367785, 0.0101128, 0.0370008, 0.999264, 1, -1, -1, -1
17717.7, -0.0808436, 0.118296, -0.889429, 3876, 3375, 1984, 0.0393148, 0.000843598, -0.023588, 1852, 907, 0.900896, 0.999721, 0.0236008, -8.43231e-05, -0.0235858, 0.998949, -0.0393137, -0.000843598, 0.0393047, 0.999227, 1, -1, -1, -1
17884.6, -0.124765, 0.173615, -0.851697, 3884, 3310, 1922, 0.0334683, 0.00327149, -0.0366707, 1737, 975, 0.878121, 0.999322, 0.0367513, 0.00204065, -0.0366622, 0.998764, -0.0335594, -0.00327148, 0.0334619, 0.999435, 1, -1, -1, -1
18051.4, 0.0323459, 0.259999, -0.729529, 3878, 3368, 2376, 0.0226767, -0.00372804, -0.047938, 2176, 1074, 0.775151, 0.998844, 0.0478229, -0.00480936, -0.0479193, 0.998598, -0.0224701, 0.00372803, 0.0226746, 0.999736, 1, -1, -1, -1
18218.2, 0.0933279, 0.489375, -0.97489, 3877, 3298, 1145, 0.003449, -0.00282622, -0.0852884, 898, 555, 1.09481, 0.996361, 0.0851748, -0.00310973, -0.0851847, 0.99636, -0.0031957, 0.00282622, 0.00344898, 0.99999, 1, -1, -1, -1
18385.1, -0.591893, -0.0756326, -0.657197, 3878, 2796, 1459, 0.0056975, -0.00269444, -0.0861625, 1255, 501, 0.887674, 0.996287, 0.0860392, -0.0031747, -0.0860556, 0.996275, -0.00544446, 0.00269444, 0.00569745, 0.99998, 1, -1, -1, -1
18551.9, -0.340167, 0.189569, -0.400911, 3873, 3019, 1599, 0.0128244, -0.00079932, -0.112658, 1105, 452, 0.558909, 0.993661, 0.1124, -0.00223586, -0.112419, 0.99358, -0.0126529, 0.00079932, 0.012824, 0.999917, 1, -1, -1, -1
18718.7, -0.0405708, -0.609785, -0.666571, 3864, 2550, 746, -0.0146223, 0.0427941, -0.154708, 119, 16, 0.904323, 0.987152, 0.153457, 0.0445186, -0.153951, 0.988047, 0.00785561, -0.042781, -0.0146083, 0.998978, 1, -1, -1, -1
18885.6, -0.154655, -1.17931, -0.288112, 3862, 2199, 750, -0.022104, 0.035344, -0.131406, 177, 12, 1.2238, 0.990759, 0.130222, 0.0379195, -0.130946, 0.991239, 0.0172827, -0.0353367, -0.0220884, 0.999131, 1, -1, -1, -1
19052.4, -0.159844, -0.484615, -0.39725, 3866, 2050, 702, -0.0201434, 0.0353345, -0.143037, 73, 6, 0.646691, 0.98917, 0.141817, 0.0378305, -0.142461, 0.989688, 0.0149014, -0.0353271, -0.0201294, 0.999173, 1, -1, -1, -1
19219.2, 0.343031, 0.862448, 0.372173, 3881, 1495, 470, -0.0194837, 0.0261943, -0.148484, 193, 0, 1, 0.988657, 0.147406, 0.0287804, -0.147888, 0.988884, 0.0153941, -0.0261913, -0.0194758, 0.999467, 1, -1, -1, -1
19386.1, 3.54172, 1.77778, -0.0777791, 3893, 1995, 563, -0.00839977, -0.0227626, -0.136928, 558, 73, 3.96362, 0.990383, 0.136685, -0.0214003, -0.136465, 0.990579, 0.0114278, 0.0227607, -0.00839749, 0.999706, 1, -1, -1, -1
19552.9, -0.209608, 0.0708265, -0.15363, 3897, 2563, 1194, -0.0202562, -0.00130104, -0.0972623, 819, 171, 0.269359, 0.995273, 0.0971153, 0.000672303, -0.097109, 0.995067, 0.0202854, 0.00130104, -0.0202548, 0.999794, 1, -1, -1, -1
19719.7, -1.99863, 0.386925, -0.92733, 3901, 2441, 705, -0.0100118, -0.0177941, -0.0947294, 655, 198, 2.237, 0.995359, 0.0947604, -0.0167655, -0.0945728, 0.99545, 0.0116497, 0.0177932, -0.0100101, 0.999792, 1, -1, -1, -1
19886.6, -0.891249, -0.174441, -0.796, 3895, 2429, 1097, -0.0170585, -0.0226893, -0.0630936, 1040, 373, 1.20763, 0.997753, 0.0634288, -0.0215634, -0.0630355, 0.997841, 0.018454, 0.0226874, -0.0170533, 0.999597, 1, -1, -1, -1
20053.4, -0.619919, -0.0780895, -0.90621, 3885, 2851, 742, -0.024973, -0.012905, -0.0445577, 683, 292, 1.10073, 0.998924, 0.044851, -0.0117755, -0.0445393, 0.998682, 0.0255203, 0.0129046, -0.0249683, 0.999605, 1, -1, -1, -1
20220.2, -0.177864, -0.0866793, -0.898627, 3878, 1770, 320, -0.0325632, -0.0360349, -0.0487299, 193, 105, 0.920151, 0.998165, 0.0498563, -0.0343793, -0.048679, 0.998226, 0.0342728, 0.0360271, -0.0325363, 0.998821, 1, -1, -1, -1
20387.1, -0.192461, -0.3216, -0.95411, 3887, 1933, 298, -0.0370851, -0.0238515, -0.0277661, 186, 114, 1.02508, 0.99933, 0.0286274, -0.0227943, -0.0277546, 0.998903, 0.037724, 0.0238492, -0.0370661, 0.999028, 1, -1, -1, -1
20553.9, -0.162489, 0.446675, -0.731448, 3883, 1826, 467, -5.66658e-05, -0.029077, -0.120186, 396, 133, 0.872317, 0.992367, 0.119899, -0.0288564, -0.119846, 0.992786, 0.00354201, 0.0290729, -5.66418e-05, 0.999577, 1, -1, -1, -1
20720.7, -0.527681, 0.0632808, -0.0568162, 3877, 2301, 799, 0.000265855, -0.0213953, -0.113817, 511, 40, 0.53449, 0.993302, 0.113565, -0.0212855, -0.113545, 0.99353, 0.00216557, 0.0213937, 0.000265795, 0.999771, 1, -1, -1, -1
20887.6, 3.73073, -1.65001, 1.2021, 3878, 1942, 436, 0.0256019, -0.0288426, -0.137142, 422, 38, 4.25276, 0.990199, 0.135936, -0.0320582, -0.136656, 0.990387, -0.0214175, 0.0288386, 0.0255885, 0.999257, 1, -1, -1, -1
21054.4, 0.411601, -0.120781, 0.15834, 3889, 2284, 726, 0.0243208, -0.0364613, -0.143705, 700, 111, 0.457247, 0.989034, 0.142291, -0.0395495, -0.143116, 0.989526, -0.0188488, 0.0364533, 0.0243023, 0.99904, 1, -1, -1, -1
21221.2, 0.211992, -0.0229837, 0.564167, 3890, 1803, 658, 0.0311619, -0.0374515, -0.157328, 464, 143, 0.60312, 0.986957, 0.155452, -0.041844, -0.15657, 0.987353, -0.0249083, 0.0374427, 0.031135, 0.998814, 1, -1, -1, -1
21388.1, -0.767861, -0.120053, 0.660201, 3885, 2491, 1080, 0.03327, -0.0249315, -0.135052, 701, 172, 1.01975, 0.990586, 0.133746, -0.029167, -0.1346, 0.990458, -0.0296064, 0.0249289, 0.0332535, 0.999136, 1, -1, -1, -1
21554.9, -0.303037, -0.457311, 0.931406, 3879, 2779, 1217, 0.0338175, -0.0327706, -0.116047, 760, 331, 1.08096, 0.992741, 0.11462, -0.0364406, -0.115725, 0.992834, -0.0297921, 0.0327647, 0.0337929, 0.998892, 1, -1, -1, -1
21721.7, -0.19546, -0.503537, -0.21048, 3883, 3133, 1971, 0.0419834, -0.0227537, -0.0819255, 97, 28, 0.579704, 0.996388, 0.0808101, -0.0260901, -0.0818127, 0.995846, -0.03997, 0.0227517, 0.0419602, 0.99886, 1, -1, -1, -1
21888.6, 0.300034, -1.06137, -1.72757, 3886, 2467, 1133, 0.0373774, 0.00719618, -0.0799218, 387, 4, 2.04964, 0.996782, 0.080049, 0.00418474, -0.0798347, 0.99609, -0.0378235, -0.00719611, 0.0373677, 0.999276, 1, -1, -1, -1
22055.4, 0.465744, -0.646823, -0.977308, 3896, 2407, 1372, 0.0403884, 0.0232038, -0.0719135, 658, 146, 1.26112, 0.997147, 0.0727273, 0.0202217, -0.0718322, 0.996535, -0.0419388, -0.0232017, 0.0403666, 0.998916, 1, -1, -1, -1
22222.2, 0.252025, -0.356872, -1.56756, 3895, 2278, 1490, 0.040772, 0.0182887, -0.052371, 1389, 330, 1.6273, 0.998462, 0.0530479, 0.0161137, -0.0523383, 0.99776, -0.0416613, -0.0182877, 0.0407539, 0.999002, 1, -1, -1, -1
22389.1, 0.348537, 0.0280491, -1.31564, 3888, 2949, 1798, 0.0362423, 0.0176963, -0.0348414, 1727, 688, 1.36131, 0.999237, 0.0354523, 0.0164108, -0.0348289, 0.998714, -0.0368284, -0.0176953, 0.0362287, 0.999187, 1, -1, -1, -1
22555.9, -0.207398, 0.283804, -0.724931, 3877, 3303, 1975, 0.0418339, 0.00551054, -0.00632783, 1863, 786, 0.805657, 0.999965, 0.00655271, 0.00524094, -0.00632769, 0.999104, -0.0418557, -0.00551051, 0.0418211, 0.99911, 1, -1, -1, -1
22722.7, -0.6521, -0.763052, 0.757906, 3876, 2651, 449, -0.061537, 0.0250397, -0.00596637, 413, 186, 1.25774, 0.999669, 0.00441534, 0.0253561, -0.00596447, 0.998099, 0.061348, -0.025037, -0.0614789, 0.997794, 1, -1, -1, -1
22889.6, -0.457262, 0.181095, -0.61235, 3864, 2014, 914, 0.0204794, -0.0315192, -0.0495585, 736, 163, 0.785402, 0.998276, 0.0488833, -0.0324832, -0.0495136, 0.998595, -0.018892, 0.031514, 0.0204678, 0.999294, 1, -1, -1, -1
23056.4, -0.45805, -0.515245, -1.63211, 3817, 2467, 1239, 0.0409312, -0.000586322, -0.0337417, 1193, 368, 1.77175, 0.999431, 0.0336831, -0.00196594, -0.0337353, 0.998595, -0.0408768, 0.000586322, 0.0409198, 0.999162, 1, -1, -1, -1
23223.2, -0.321848, -0.163589, -0.652878, 3788, 2161, 1360, 0.0323716, 0.0108138, -0.0790645, 1292, 551, 0.746054, 0.996818, 0.0792897, 0.00821783, -0.0789775, 0.996326, -0.0331184, -0.0108136, 0.032364, 0.999418, 1, -1, -1, -1
23390.1, 0.114927, -0.264758, -0.567138, 3838, 2985, 1474, 0.00524638, 0.00426324, -0.0958576, 1300, 585, 0.636357, 0.9954, 0.0957318, 0.00374146, -0.09571, 0.995393, -0.0056303, -0.00426323, 0.00524631, 0.999977, 1, -1, -1, -1
23556.9, 0.942489, -0.0196921, -0.179183, 3841, 2839, 1224, 0.0107518, 0.0239716, -0.0954907, 1095, 534, 0.959573, 0.995158, 0.0955967, 0.0228337, -0.0953182, 0.995362, -0.0129878, -0.0239693, 0.0107485, 0.999655, 1, -1, -1, -1
23723.7, 0.244047, 1.01965, 0.156284, 3854, 2449, 1076, -0.0141348, 0.0153117, -0.118468, 921, 338, 1.06003, 0.992875, 0.117964, 0.0168728, -0.118177, 0.992917, 0.0122258, -0.0153111, -0.0141327, 0.999783, 1, -1, -1, -1
23890.6, 0.292155, -0.147208, 0.401171, 3865, 1995, 373, 0.0187765, 0.0862176, -0.143818, 84, 39, 0.517651, 0.986, 0.144897, 0.0825159, -0.14279, 0.98927, -0.030921, -0.0861109, 0.0187056, 0.99611, 1, -1, -1, -1
24057.4, 2.80244, -1.50439, -0.154703, 3864, 1615, 461, 0.0125476, 0.0333873, -0.140334, 449, 36, 3.18446, 0.989618, 0.140277, 0.0312953, -0.139795, 0.990033, -0.0170926, -0.0333811, 0.0125402, 0.999364, 1, -1, -1, -1
24224.2, -0.138961, -0.0490334, -0.20756, 3855, 1542, 625, 0.0147306, 0.0407506, -0.139958, 36, 3, 0.25455, 0.9894, 0.140081, 0.0382817, -0.139386, 0.990031, -0.0202686, -0.0407393, 0.0147178, 0.999061, 1, -1, -1, -1
24391.1, 0.629366, 0.713547, 0.307814, 3854, 1828, 642, -0.035393, 0.0542538, -0.153041, 118, 0, 1, 0.986858, 0.150452, 0.0589542, -0.15222, 0.987986, 0.0267106, -0.0542272, -0.0353336, 0.997903, 1, -1, -1, -1
24557.9, 2.39528, 2.89718, -1.77378, 3838, 1722, 691, -0.0177388, 0.0398933, -0.1117, 633, 30, 4.1566, 0.992977, 0.110747, 0.0416052, -0.111379, 0.993691, 0.0131824, -0.0398827, -0.0177238, 0.999047, 1, -1, -1, -1
24724.7, 0.156019, -0.14387, 0.458966, 3842, 1690, 205, -0.0788899, -0.0865917, -0.0731816, 95, 10, 0.505659, 0.993587, 0.0796862, -0.0802216, -0.0728423, 0.993723, 0.0849009, 0.0864835, -0.0785129, 0.993155, 1, -1, -1, -1
24891.6, -1.55515, 0.540268, -0.674355, 3849, 1206, 184, -0.0158995, -0.0402617, -0.0599425, 153, 2, 1.77908, 0.997395, 0.0605378, -0.039221, -0.059858, 0.998039, 0.0182812, 0.0402509, -0.0158859, 0.999063, 1, -1, -1, -1
25058.4, 1.20225, 1.67939, -0.375292, 3869, 1465, 177, 0.218911, -0.159594, 0.120946, 177, 6, 2.09919, 0.98008, -0.152031, -0.12779, 0.119118, 0.96484, -0.234297, 0.158918, 0.214407, 0.96373, 1, -1, -1, -1
25225.2, -0.1687, -0.0631379, -0.22032, 3863, 1265, 541, -0.0213497, -0.0165443, -0.0451974, 536, 48, 0.284582, 0.998842, 0.0455246, -0.0155583, -0.0451759, 0.998735, 0.0220736, 0.0165436, -0.0213451, 0.999635, 1, -1, -1, -1
25392.1, -0.189669, -0.00358979, -0.835995, 3853, 1996, 753, -0.01768, 0.018487, -0.0145721, 595, 136, 0.857248, 0.999723, 0.0142426, 0.0187387, -0.0145691, 0.999742, 0.0174079, -0.0184859, -0.017676, 0.999673, 1, -1, -1, -1
25558.9, -0.381522, 0.0191726, -0.625073, 3844, 1807, 762, -0.0189602, -0.00396276, -0.0748413, 678, 185, 0.732559, 0.997193, 0.0748329, -0.00253334, -0.0747708, 0.997016, 0.0192023, 0.00396275, -0.018959, 0.999812, 1, -1, -1, -1
25725.7, -0.977753, -0.462448, -0.162761, 3828, 1774, 652, 0.00356901, -0.0238885, -0.087263, 573, 169, 1.09378, 0.995911, 0.0870668, -0.0241063, -0.0871274, 0.996196, -0.00147369, 0.0238863, 0.00356798, 0.999708, 1, -1, -1, -1
25892.6, -0.928633, 0.3888, -2.18016, 3831, 1081, 124, -0.0230951, 0.219445, -0.0721764, 104, 27, 2.40138, 0.973477, 0.0670805, 0.218728, -0.0703844, 0.997493, 0.00733882, -0.217688, -0.0225392, 0.975758, 1, -1, -1, -1
26059.4, 0.398489, 0.107111, -0.13387, 3675, 1245, 271, 0.043255, 0.0638726, -0.113391, 237, 28, 0.433805, 0.991552, 0.115784, 0.0584673, -0.112917, 0.992337, -0.0501792, -0.0638292, 0.0431534, 0.997027, 1, -1, -1, -1
26226.2, 0.214779, -0.595407, 0.584301, 3825, 1257, 282, 0.0593467, 0.0305432, -0.152717, 257, 60, 0.861421, 0.9879, 0.153646, 0.0211071, -0.152053, 0.986346, -0.063259, -0.0305384, 0.0592842, 0.997774, 1, -1, -1, -1
26393.1, 0.214999, -0.265792, 0.597608, 3835, 2066, 552, 0.0329024, -0.0253571, -0.147764, 469, 62, 0.688481, 0.988785, 0.146322, -0.0299077, -0.14718, 0.98869, -0.0288071, 0.0253544, 0.0328859, 0.999137, 1, -1, -1, -1
26559.9, -0.275454, 0.642642, 0.377668, 3841, 2169, 545, 0.0417882, -0.0229564, -0.143176, 434, 102, 0.794668, 0.989507, 0.141614, -0.0286606, -0.14265, 0.989041, -0.0380761, 0.0229544, 0.041765, 0.998864, 1, -1, -1, -1
26726.7, 3.36257, 3.13076, -0.985534, 3819, 1476, 241, -0.0215224, 0.0534736, -0.146068, 205, 33, 4.69892, 0.987937, 0.144377, 0.0559991, -0.145341, 0.989289, 0.013514, -0.0534481, -0.0214899, 0.998339, 1, -1, -1, -1
26893.6, 0.00504884, 0.288343, -0.0811452, 3819, 1997, 847, 0.0223587, -0.004362, -0.112584, 734, 86, 0.299586, 0.99366, 0.112222, -0.006845, -0.112346, 0.993432, -0.0217254, 0.00436198, 0.0223566, 0.999741, 1, -1, -1, -1
27060.4, 0.576206, 0.327077, -0.509817, 3769, 1675, 199, -0.0140072, 0.0896, -0.0659963, 126, 27, 0.836006, 0.99382, 0.0646913, 0.0902003, -0.0656839, 0.997808, 0.00807578, -0.0894801, -0.0139506, 0.995891, 1, -1, -1, -1
27227.2, 0.122523, 0.176317, -0.902171, 3778, 1532, 680, 0.0586812, -0.0288452, -0.0583076, 571, 67, 0.927369, 0.997885, 0.0564856, -0.0321603, -0.0582503, 0.996681, -0.0568701, 0.0288412, 0.0586231, 0.997863, 1, -1, -1, -1
27394.1, -0.408497, 0.677592, -0.951492, 3762, 2225, 1308, 0.0471599, 0.0014945, -0.0313376, 1255, 253, 1.23747, 0.999508, 0.031368, 1.50129e-05, -0.0313324, 0.998396, -0.0471661, -0.0014945, 0.0471424, 0.998887, 1, -1, -1, -1
27560.9, -0.76195, 1.72088, -1.29097, 3777, 2542, 1283, 0.0608818, -0.0144307, -0.0212522, 1274, 483, 2.28223, 0.99967, 0.0203335, -0.0156932, -0.0212484, 0.997941, -0.0605243, 0.0144302, 0.0608378, 0.998043, 1, -1, -1, -1
27727.7, -0.187639, 0.127778, -0.485422, 3763, 2711, 1040, 0.0430579, 0.00387695, -0.0348898, 858, 387, 0.535883, 0.999384, 0.0350171, 0.00236948, -0.0348824, 0.998459, -0.0431535, -0.00387695, 0.0430443, 0.999066, 1, -1, -1, -1
27894.6, 0.37796, -0.14932, -1.11606, 3715, 2467, 1221, 0.0382443, -0.00974681, -0.0567406, 1131, 397, 1.18775, 0.998343, 0.0562966, -0.0118922, -0.0567075, 0.997682, -0.0376211, 0.00974665, 0.0382331, 0.999221, 1, -1, -1, -1
28061.4, 0.312691, -0.520922, -0.969165, 3668, 2270, 858, 0.0325064, 0.0270446, -0.0375815, 745, 329, 1.14386, 0.998928, 0.038431, 0.0257868, -0.0375589, 0.998733, -0.0334933, -0.0270413, 0.0324888, 0.999106, 1, -1, -1, -1
28228.2, -0.109017, -0.288175, -0.595261, 3665, 1680, 771, -0.00939076, 0.000389839, -0.0861772, 652, 258, 0.670273, 0.996289, 0.0860631, 0.00119663, -0.0860706, 0.996245, 0.00932222, -0.000389839, -0.00939062, 0.999956, 1, -1, -1, -1
28395.1, -1.01796, 0.440124, -0.491198, 3677, 2096, 702, 0.00719751, 0.0315723, -0.078683, 687, 231, 1.21294, 0.996409, 0.0788263, 0.0309028, -0.0785626, 0.996862, -0.00965634, -0.031567, 0.00719386, 0.999476, 1, -1, -1, -1
28561.9, -0.456217, 0.208443, -0.234496, 3700, 1902, 770, 0.0170875, -0.00157336, -0.129544, 608, 191, 0.553688, 0.99162, 0.129137, -0.00376724, -0.129182, 0.99148, -0.0167402, 0.00157336, 0.0170866, 0.999853, 1, -1, -1, -1
28728.7, 0.69408, -0.0379906, 0.196547, 3721, 2008, 534, -0.000794782, -0.00151388, 0.000434803, 305, 16, 0.722372, 0.999999, -0.0004336, -0.00151423, 0.000434802, 1, 0.000794123, 0.00151388, -0.000794781, 0.999999, 1, -1, -1, -1
28895.6, 0.584895, 0.0160673, -0.498018, 3708, 1846, 566, 0.00153804, 0.0102629, -0.00539907, 128, 23, 0.768363, 0.999933, 0.00541482, 0.0102542, -0.00539876, 0.999984, -0.00159342, -0.0102627, 0.00153795, 0.999946, 1, -1, -1, -1
29062.4, 2.30527, 0.1152, -1.70302, 3724, 1679, 414, 0.00324062, -0.0319664, 0.011378, 380, 54, 2.86842, 0.999424, -0.0114812, -0.0319219, 0.0113719, 0.999929, -0.00360404, 0.031961, 0.00323896, 0.999484, 1, -1, -1, -1
29229.2, -0.095161, 0.0236335, 0.204834, 3721, 893, 331, -0.00141329, -0.0166416, -0.00631896, 84, 26, 0.227093, 0.999842, 0.00634243, -0.0166316, -0.00631805, 0.999979, 0.00151842, 0.0166408, -0.0014131, 0.999861, 1, -1, -1, -1
29396.1, -0.848701, -0.944206, 0.100363, 3701, 1388, 295, -0.0610128, 0.0474249, -0.0199168, 262, 24, 1.27353, 0.998678, 0.0169884, 0.0485239, -0.0198931, 0.997999, 0.0600205, -0.0474072, -0.0609064, 0.997017, 1, -1, -1, -1
29562.9, -1.91202, -1.72688, 0.23419, 3693, 1537, 335, -0.0991789, 0.0644087, -0.0329459, 318, 76, 2.58704, 0.997385, 0.0264084, 0.0672747, -0.0328716, 0.994756, 0.0968529, -0.0643642, -0.098811, 0.993022, 1, -1, -1, -1
29729.7, -0.0775558, -0.257378, -0.408586, 3663, 1318, 429, -0.0465739, -0.0301734, -0.0576674, 396, 80, 0.489082, 0.997883, 0.0589752, -0.0274026, -0.0576092, 0.997174, 0.0482166, 0.0301688, -0.0465359, 0.998461, 1, -1, -1, -1
29896.6, 0.634987, -0.58396, -1.44671, 3729, 1334, 293, -0.0335811, -0.062538, -0.0259964, 235, 61, 1.68439, 0.997708, 0.0280765, -0.0615682, -0.0259427, 0.999044, 0.035187, 0.0624973, -0.0335091, 0.997482, 1, -1, -1, -1
30063.4, -0.364072, -0.30887, -0.459686, 3767, 1009, 287, -0.0418554, -0.013092, -0.0679523, 273, 35, 0.662767, 0.997607, 0.0683871, -0.0102088, -0.0678942, 0.996781, 0.0426347, 0.0130916, -0.0418396, 0.999039, 1, -1, -1, -1
30230.2, -0.686338, -0.0444842, -0.645122, 3760, 701, 228, -0.0226786, -0.00373335, -0.0936819, 219, 82, 0.942986, 0.995608, 0.0936051, -0.00159473, -0.0935443, 0.995351, 0.0229264, 0.00373334, -0.0226765, 0.999736, 1, -1, -1, -1
30397.1, 0.023854, -0.125288, 0.494463, 3751, 1071, 315, -0.0167083, -0.0428813, -0.113036, 148, 21, 0.510647, 0.992705, 0.113491, -0.0407041, -0.112692, 0.993399, 0.0214355, 0.0428682, -0.0166921, 0.998941, 1, -1, -1, -1
30563.9, -1.01903, 0.253842, -0.810856, 3746, 1176, 361, -0.00870624, 0.0236952, -0.090753, 357, 37, 1.32678, 0.995605, 0.0904196, 0.0243836, -0.090603, 0.995866, 0.00652313, -0.023693, -0.00870369, 0.999681, 1, -1, -1, -1
30730.7, -1.78269, 0.0461597, 0.222432, 3742, 1182, 371, -0.00758943, 0.022495, -0.130717, 368, 74, 1.79711, 0.991218, 0.130172, 0.0232898, -0.130312, 0.991462, 0.00459283, -0.0224931, -0.00758744, 0.999718, 1, -1, -1, -1
30897.6, -0.457218, -0.0327871, 0.237249, 3735, 1209, 424, 0.0130629, -0.0287855, -0.135637, 146, 12, 0.51615, 0.990405, 0.134838, -0.0302811, -0.135166, 0.990782, -0.00905097, 0.0287816, 0.0130571, 0.9995, 1, -1, -1, -1
31064.4, -0.472755, 1.46209, 2.59572, 3613, 900, 201, 0.00171611, -0.0168216, -0.0331739, 176, 16, 3.01645, 0.999308, 0.0331389, -0.0168685, -0.0331631, 0.999449, -0.00115725, 0.0168208, 0.00171586, 0.999857, 1, -1, -1, -1
31231.2, 0.350825, 0.000161642, 0.499384, 3767, 734, 324, 0.0332161, -0.0416658, -0.166831, 193, 32, 0.610297, 0.98526, 0.164602, -0.0465676, -0.165914, 0.985802, -0.0258358, 0.0416538, 0.0331812, 0.998581, 1, -1, -1, -1
31398.1, 0.662339, -0.31384, 0.85955, 3747, 969, 478, 0.0297467, -0.0583414, -0.137679, 429, 85, 1.12961, 0.988852, 0.135466, -0.061813, -0.137011, 0.990337, -0.0214619, 0.0583083, 0.0296917, 0.997857, 1, -1, -1, -1
31564.9, -0.231792, -0.3717, 0.441101, 3746, 1326, 692, 0.0262475, -0.0229077, -0.140448, 332, 96, 0.621658, 0.989894, 0.139343, -0.0263462, -0.13995, 0.989897, -0.0227806, 0.0229057, 0.0262376, 0.999393, 1, -1, -1, -1
31731.7, 0.441832, 0.776739, 0.0843816, 3744, 1368, 631, 0.0425811, -0.0183095, -0.138596, 41, 3, 0.897585, 0.990245, 0.137255, -0.0239974, -0.138129, 0.989621, -0.039633, 0.0183085, 0.0425611, 0.998926, 1, -1, -1, -1
