5038.37, -1, -1, -1, -1, -1, -1, -1, -1, -1, -1, -1, -1, -1, 0, 0, 0, -1, 0, 0, 0, -1, 0, -1, -1, -1
5205.21, 0.325463, 0.610119, 0.722377, 3870, 2161, 1080, -0.00209831, 0.0494428, -0.151353, 86, 0, 1, 0.98736, 0.150673, 0.0491739, -0.150592, 0.988581, -0.00537742, -0.0494226, -0.00209574, 0.998776, 1, -1, -1, -1
5372.04, -0.864058, 1.57062, 0.0188149, 3863, 2398, 1275, 0.00767681, 0.0405855, -0.125999, 744, 35, 1.79271, 0.991256, 0.125971, 0.0392868, -0.125562, 0.992004, -0.0127145, -0.0405744, 0.00767041, 0.999147, 1, -1, -1, -1
5538.87, 2.27949, -1.45346, -0.560889, 3849, 2688, 711, 0.00961505, 0.0187548, -0.150108, 667, 81, 2.76101, 0.988581, 0.149716, 0.0171041, -0.149518, 0.988682, -0.0123112, -0.0187537, 0.00961321, 0.999778, 1, -1, -1, -1
5705.71, 0.267313, -0.310144, 0.0384218, 3824, 2728, 622, 0.0374294, 0.0503564, -0.101929, 329, 116, 0.411244, 0.993549, 0.103555, 0.0462311, -0.101624, 0.993921, -0.0423446, -0.0503351, 0.0373732, 0.998033, 1, -1, -1, -1
5872.54, -0.491629, -0.00541222, 0.867604, 3848, 2472, 1175, -0.0209807, 0.00223698, -0.108281, 663, 145, 0.997229, 0.994141, 0.107999, 0.0044906, -0.108069, 0.99393, 0.0206146, -0.00223698, -0.0209791, 0.999777, 1, -1, -1, -1
6039.37, 0.585352, 0.803432, -0.457876, 3850, 2707, 1485, -0.020883, 0.00889678, -0.0987538, 1040, 328, 1.09444, 0.995088, 0.098387, 0.0109102, -0.0985894, 0.994929, 0.0199028, -0.00889666, -0.0208807, 0.999742, 1, -1, -1, -1
6206.21, 0.324713, 0.266877, -0.973427, 3851, 2588, 1658, -0.00959363, -0.0230477, -0.0693533, 1258, 535, 1.06029, 0.997331, 0.0695151, -0.0223244, -0.0692793, 0.997535, 0.0111674, 0.0230457, -0.00959094, 0.999688, 1, -1, -1, -1
6373.04, 0.198973, 1.02669, -2.16949, 3876, 3232, 888, -0.0254331, -0.0159589, -0.0666641, 674, 398, 2.4084, 0.997652, 0.0669981, -0.0142236, -0.0666062, 0.997429, 0.0264366, 0.0159582, -0.0254271, 0.999549, 1, -1, -1, -1
6539.87, -1.22549, 0.793974, 0.127052, 3906, 2515, 672, 0.0103097, 0.0557525, -0.0306263, 663, 259, 1.46573, 0.997978, 0.0311941, 0.0553788, -0.030574, 0.99946, -0.012011, -0.0557236, 0.0102935, 0.998393, 1, -1, -1, -1
6706.71, 0.235064, 0.270712, -0.47038, 3904, 2876, 1180, -0.030923, -0.00530377, -0.0667954, 1022, 373, 0.591436, 0.997756, 0.0668775, -0.00322574, -0.0667448, 0.997282, 0.031203, 0.00530375, -0.0309177, 0.999508, 1, -1, -1, -1
6873.54, -0.046471, 0.202747, -0.922502, 3914, 3216, 1822, -0.026946, -0.00638294, -0.0731467, 1547, 633, 0.945661, 0.997306, 0.0732265, -0.0043945, -0.07308, 0.996951, 0.027337, 0.0063829, -0.0269422, 0.999617, 1, -1, -1, -1
7040.37, -0.526466, -0.126506, -0.425345, 3920, 3663, 2156, -0.0184044, 0.0110452, -0.087512, 1997, 862, 0.68854, 0.996113, 0.087183, 0.0126093, -0.087395, 0.996022, 0.0173677, -0.011045, -0.0184022, 0.99977, 1, -1, -1, -1
7207.21, -0.497051, 0.117408, -0.503448, 3910, 3400, 2484, -0.0103852, -0.0369462, -0.0956751, 1188, 624, 0.71715, 0.994747, 0.0959059, -0.0357748, -0.095464, 0.995336, 0.013866, 0.0369378, -0.0103779, 0.999264, 1, -1, -1, -1
7374.04, -0.449773, 0.138805, 0.34266, 3913, 3190, 1703, 0.00641611, -0.0468752, -0.134306, 109, 10, 0.582218, 0.989906, 0.133602, -0.0472942, -0.133755, 0.991014, -8.40125e-05, 0.046858, 0.00640901, 0.998881, 1, -1, -1, -1
7540.87, -2.53509, 0.833362, 1.95089, 3921, 2332, 1115, 0.0164353, -0.0137473, -0.145513, 933, 5, 3.30562, 0.989338, 0.144757, -0.0159827, -0.144986, 0.989331, -0.0142678, 0.0137469, 0.016433, 0.99977, 1, -1, -1, -1
7707.71, -0.71762, 0.0571738, 0.498916, 3921, 2759, 1486, 0.0326501, -0.0455054, -0.160785, 1128, 418, 0.875879, 0.98608, 0.158542, -0.0501052, -0.159927, 0.986814, -0.0249445, 0.0454897, 0.0326105, 0.998432, 1, -1, -1, -1
7874.54, -1.21303, 0.42584, 0.823126, 3923, 3216, 1687, 0.0343723, -0.0369926, -0.160684, 1646, 701, 1.52654, 0.986443, 0.158644, -0.0419845, -0.159884, 0.986738, -0.0280091, 0.0369842, 0.034342, 0.998726, 1, -1, -1, -1
8041.37, 0.278215, 0.0407854, 0.589167, 3925, 3879, 1576, 0.0354854, -0.0183801, -0.153438, 374, 88, 0.652828, 0.988085, 0.152096, -0.023574, -0.152811, 0.987729, -0.0322539, 0.0183791, 0.0354719, 0.999202, 1, -1, -1, -1
8208.21, -2.17621, -0.093064, 0.350128, 3924, 2589, 1170, 0.0340924, -0.00713748, -0.140784, 1152, 180, 2.20616, 0.990081, 0.139997, -0.0118456, -0.140316, 0.989565, -0.0327476, 0.00713742, 0.0340849, 0.999393, 1, -1, -1, -1
8375.04, -0.201231, -0.0715095, -0.315374, 3922, 3440, 2175, 0.0393946, -0.0331429, -0.125397, 214, 44, 0.380878, 0.991603, 0.123676, -0.0377768, -0.125, 0.991542, -0.034934, 0.0331368, 0.0393628, 0.998675, 1, -1, -1, -1
8541.88, 0.992811, -1.60126, -0.878857, 3923, 3004, 1820, 0.027931, 0.00383719, -0.0983537, 1774, 82, 2.07896, 0.99516, 0.0982635, 0.00107481, -0.0981945, 0.994768, -0.0281691, -0.00383718, 0.0279272, 0.999603, 1, -1, -1, -1
8708.71, 0.891339, -0.0742388, -0.754595, 3922, 4088, 2516, 0.0671803, 0.020986, -0.0480496, 2432, 1045, 1.17022, 0.998626, 0.0493298, 0.0176887, -0.0480205, 0.996525, -0.068058, -0.0209845, 0.067115, 0.997525, 1, -1, -1, -1
8875.54, 1.57193, 0.107373, -1.22886, 3931, 3713, 1976, 0.036069, 0.0480433, -0.0200419, 1953, 1003, 1.99815, 0.998646, 0.021759, 0.0472613, -0.0200174, 0.999114, -0.0370158, -0.0480249, 0.0360196, 0.998196, 1, -1, -1, -1
9042.38, 0.502712, 0.157828, -0.551837, 3917, 3947, 2870, 0.0345998, 0.0302106, -0.0119844, 2824, 1442, 0.76299, 0.999472, 0.0130218, 0.0297712, -0.0119787, 0.999317, -0.0349522, -0.030206, 0.0345771, 0.998945, 1, -1, -1, -1
9209.21, 0.0732157, 0.106485, -0.570507, 3919, 4451, 2954, 0.0331243, 0.00709184, -0.0256905, 2660, 1225, 0.58496, 0.999645, 0.0259084, 0.00623482, -0.025687, 0.999116, -0.0332894, -0.00709178, 0.0331174, 0.999426, 1, -1, -1, -1
9376.04, 1.26439, 0.515545, -1.23491, 3881, 4450, 2886, 0.0381835, -0.0221062, -0.0102051, 2875, 1588, 1.84105, 0.999704, 0.00935367, -0.0224767, -0.0102024, 0.999228, -0.0379468, 0.0221044, 0.0381649, 0.999027, 1, -1, -1, -1
9542.88, 0.728298, 0.427875, -0.502369, 3865, 4446, 2815, 0.0227555, -0.00179854, -0.0398204, 2793, 1715, 0.982787, 0.999206, 0.0397587, -0.00270246, -0.0398098, 0.99895, -0.022664, 0.00179854, 0.0227535, 0.999739, 1, -1, -1, -1
9709.71, 0.00496196, 0.175693, -0.240202, 3875, 4447, 2771, 0.0170345, 0.000172542, -0.0891241, 1990, 1060, 0.297639, 0.996031, 0.0889962, -0.00134427, -0.0890062, 0.995886, -0.0169814, -0.000172542, 0.0170336, 0.999855, 1, -1, -1, -1
9876.54, 0.467018, -0.689101, -0.675961, 3874, 4090, 2255, -0.028331, -0.00975264, -0.0963016, 1691, 673, 1.07233, 0.995319, 0.0963892, -0.00697966, -0.0961483, 0.994941, 0.0291333, 0.00975249, -0.0283258, 0.999551, 1, -1, -1, -1
10043.4, -1.62445, 0.218908, -0.202076, 3732, 3577, 2002, 0.0284716, -0.00502708, -0.145214, 1946, 739, 1.65154, 0.989462, 0.144504, -0.00909154, -0.144703, 0.989095, -0.0274409, 0.00502705, 0.0284674, 0.999582, 1, -1, -1, -1
10210.2, 0.075758, -0.463536, -0.477795, 3872, 3300, 1397, 0.0151513, 0.0210148, -0.159173, 131, 50, 0.669994, 0.987141, 0.158798, 0.0183439, -0.158467, 0.987195, -0.0182894, -0.0210133, 0.0151473, 0.999664, 1, -1, -1, -1
10377, -0.896147, 0.265547, 1.25172, 3911, 2125, 305, -0.0165618, 0.0194144, 0.0407209, 188, 9, 1.56217, 0.998983, -0.0410253, 0.0187202, 0.040702, 0.999021, 0.0173375, -0.0194131, -0.0165579, 0.999674, 1, -1, -1, -1
10543.9, 0.74843, -0.317434, -0.86864, 3916, 2789, 1285, 0.0225597, 0.0234962, -0.117658, 553, 5, 1.18973, 0.992812, 0.117884, 0.0206776, -0.117355, 0.992771, -0.025159, -0.023494, 0.0225515, 0.99947, 1, -1, -1, -1
10710.7, 0.309364, 0.17851, 0.960494, 3899, 2981, 769, 0.0198695, 0.0167042, -0.0242201, 224, 73, 1.02475, 0.999567, 0.0245447, 0.0162141, -0.0242144, 0.999501, -0.0202668, -0.0167034, 0.0198655, 0.999663, 1, -1, -1, -1
10877.5, -2.77754, 0.23353, -1.77482, 3900, 2644, 1512, -0.009482, -0.010316, -0.106326, 1287, 81, 3.30443, 0.9943, 0.106219, -0.00925079, -0.106121, 0.994298, 0.010523, 0.0103158, -0.00948136, 0.999902, 1, -1, -1, -1
11044.4, -0.757836, -0.0325661, -0.51663, 3904, 3247, 1233, -0.00581413, -0.0464013, -0.109856, 759, 327, 0.917759, 0.992902, 0.109901, -0.0454668, -0.109517, 0.993926, 0.0108644, 0.0463846, -0.00580784, 0.998907, 1, -1, -1, -1
11211.2, -3.08576, 0.208231, -1.58377, 3878, 2275, 721, -0.0184562, -0.0286124, -0.0954292, 686, 203, 3.47471, 0.995043, 0.0957938, -0.026715, -0.0952454, 0.99523, 0.0210967, 0.0286085, -0.0184476, 0.99942, 1, -1, -1, -1
11378, -0.346375, 0.0552543, -0.392932, 3868, 2587, 824, -0.0409682, -0.0388736, -0.0660834, 652, 261, 0.526711, 0.997063, 0.0675682, -0.0360419, -0.0659855, 0.996875, 0.0434316, 0.0388638, -0.0409258, 0.998406, 1, -1, -1, -1
11544.9, -0.121646, 0.0719018, -0.690158, 3843, 2540, 465, -0.0430791, -0.0488681, -0.0683987, 230, 124, 0.704476, 0.996471, 0.0703808, -0.0457458, -0.0682638, 0.996592, 0.0463006, 0.0488486, -0.0430144, 0.99788, 1, -1, -1, -1
11711.7, -0.599203, 0.372053, -1.21675, 3762, 2297, 785, -0.0324945, -0.03278, -0.0876624, 567, 133, 1.40639, 0.995625, 0.0885646, -0.0297866, -0.0875031, 0.995541, 0.0352319, 0.0327741, -0.0324713, 0.998935, 1, -1, -1, -1
11878.5, -0.167028, -0.085307, -0.920733, 3743, 2632, 596, -0.0325305, -0.0316026, -0.0746409, 302, 91, 0.939641, 0.996718, 0.0755569, -0.0290672, -0.0745343, 0.996611, 0.0347892, 0.0315973, -0.0325085, 0.998972, 1, -1, -1, -1
12045.4, -0.941923, -0.247535, -0.643705, 3722, 2403, 1111, -0.00839544, -0.0126227, -0.0981516, 1018, 159, 1.16741, 0.995108, 0.0980961, -0.0117385, -0.0979863, 0.995142, 0.00959181, 0.0126224, -0.00839467, 0.999885, 1, -1, -1, -1
12212.2, 1.47966, -1.65601, 0.0640679, 3775, 2246, 1015, 0.0447976, 0.00160563, -0.100569, 989, 218, 2.22168, 0.994946, 0.10037, -0.00290023, -0.100399, 0.993942, -0.0447174, -0.00160563, 0.0447826, 0.998995, 1, -1, -1, -1
12379, 0.511237, -0.0295788, -0.201035, 3879, 2476, 998, 0.0340633, 0.0400951, -0.130603, 965, 395, 0.55014, 0.990687, 0.13151, 0.0352846, -0.130128, 0.990731, -0.038984, -0.0400843, 0.0340294, 0.998617, 1, -1, -1, -1
12545.9, 0.0618446, -0.0783359, 0.132784, 3881, 2928, 1344, 0.0551641, 0.0359425, -0.12478, 250, 31, 0.166111, 0.991584, 0.126233, 0.0287391, -0.124376, 0.990469, -0.059173, -0.0359348, 0.0551005, 0.997834, 1, -1, -1, -1
12712.7, 0.468828, -0.14546, 1.22924, 3890, 2542, 817, 0.0375443, -0.0212317, -0.162646, 440, 41, 1.32363, 0.98658, 0.16103, -0.0270133, -0.161894, 0.986236, -0.0336047, 0.0212302, 0.037527, 0.99907, 1, -1, -1, -1
12879.5, -0.423774, -0.686056, 0.726402, 3879, 2774, 1648, 0.0178377, -0.0308145, -0.123186, 1506, 254, 1.08532, 0.991951, 0.12231, -0.0327629, -0.122816, 0.992332, -0.0139165, 0.0308096, 0.0178283, 0.999366, 1, -1, -1, -1
13046.4, 0.239639, -1.0164, 0.760687, 3900, 3510, 2141, 0.0292095, -0.0250135, -0.139135, 2079, 845, 1.29195, 0.990027, 0.137904, -0.028809, -0.138643, 0.990015, -0.0254559, 0.0250108, 0.0291962, 0.999261, 1, -1, -1, -1
13213.2, 0.0540851, -0.187035, 0.533839, 3900, 3553, 2217, 0.0315046, -0.031646, -0.129734, 415, 195, 0.568235, 0.9911, 0.128318, -0.0354343, -0.129306, 0.991233, -0.0271433, 0.0316407, 0.0314836, 0.999003, 1, -1, -1, -1
13380, 2.37461, 1.61821, -0.615549, 3889, 2376, 474, 0.0314156, 0.0350943, -0.0606207, 461, 24, 2.93876, 0.997549, 0.0616538, 0.0331024, -0.0605463, 0.997604, -0.0334774, -0.0350871, 0.0313911, 0.998891, 1, -1, -1, -1
13546.9, 0.801955, 0.465764, -0.377824, 3880, 2384, 748, 0.00516863, 0.0443769, -0.070795, 727, 202, 1.00141, 0.996513, 0.0709636, 0.043885, -0.0706662, 0.997466, -0.00829362, -0.0443624, 0.00516351, 0.999002, 1, -1, -1, -1
13713.7, 0.194461, 0.145027, -0.17045, 3873, 2958, 1800, 0.0217671, 0.014581, -0.0665645, 1665, 468, 0.296482, 0.997679, 0.0668162, 0.013097, -0.0665082, 0.997528, -0.0226867, -0.0145805, 0.021763, 0.999657, 1, -1, -1, -1
13880.5, 1.45853, 1.54784, -0.741459, 3870, 3510, 2039, 0.0366054, 0.00188239, -0.0634098, 2028, 907, 2.2523, 0.997989, 0.0633936, -0.000441724, -0.0633672, 0.997317, -0.0366429, -0.00188239, 0.0365972, 0.999328, 1, -1, -1, -1
14047.4, -0.0366117, -0.059369, 0.265992, 3871, 3663, 1552, -0.0107639, 0.019237, 0.0442328, 881, 410, 0.274985, 0.998837, -0.0444226, 0.01874, 0.0442102, 0.998955, 0.0116037, -0.0192359, -0.0107617, 0.999757, 1, -1, -1, -1
14214.2, -0.910391, 0.255704, -1.34353, 3873, 2002, 953, 0.043835, -0.0267948, -0.0508032, 848, 243, 1.64294, 0.998351, 0.0495601, -0.0289566, -0.0507632, 0.99781, -0.0424053, 0.0267916, 0.0438053, 0.998681, 1, -1, -1, -1
14381, -0.364091, -0.47245, -1.18503, 3879, 2965, 1286, 0.0322228, 0.0230442, -0.0734404, 1209, 267, 1.32667, 0.99704, 0.0740767, 0.0206042, -0.0733549, 0.996732, -0.0338202, -0.0230422, 0.0322087, 0.999216, 1, -1, -1, -1
14547.9, 0.0218043, -0.460098, -0.793722, 3877, 3025, 1739, 0.0513739, -0.0154466, -0.0772096, 1667, 609, 0.917693, 0.996902, 0.0762403, -0.0193405, -0.0771237, 0.995767, -0.0500085, 0.015446, 0.0513452, 0.998562, 1, -1, -1, -1
14714.7, -0.0949554, -0.284784, -0.549901, 3878, 3950, 2943, 0.0378733, -0.0235336, -0.0755767, 2595, 1224, 0.626505, 0.996869, 0.0745621, -0.0263064, -0.0754838, 0.996498, -0.0359807, 0.0235314, 0.0378537, 0.999006, 1, -1, -1, -1
14881.5, -0.18405, -0.486253, -0.820122, 3876, 4666, 3548, 0.0219468, 0.00460358, -0.0940722, 3425, 1892, 0.971039, 0.995568, 0.0940115, 0.00252073, -0.0939325, 0.995329, -0.0222804, -0.00460356, 0.0219448, 0.999749, 1, -1, -1, -1
15048.4, 0.100758, -0.453055, -0.5155, 3875, 4661, 2436, -0.0122784, 0.0173568, -0.1291, 379, 209, 0.693651, 0.991529, 0.12852, 0.0187909, -0.128722, 0.991631, 0.00994164, -0.017356, -0.0122762, 0.999774, 1, -1, -1, -1
15215.2, -0.172005, 1.00657, 0.563603, 3882, 2047, 938, -0.00321112, 0.0245453, -0.160548, 509, 4, 1.16637, 0.986842, 0.159781, 0.0247404, -0.159811, 0.987147, -0.000753552, -0.0245428, -0.00321015, 0.999694, 1, -1, -1, -1
15382, -0.237384, 0.681546, -0.235796, 3879, 2446, 1182, 0.00421012, 0.0332552, -0.122077, 102, 8, 0.759247, 0.992009, 0.121912, 0.0324886, -0.121707, 0.992532, -0.00822762, -0.033249, 0.00420778, 0.999438, 1, -1, -1, -1
15548.9, -0.626856, 0.414671, 0.619451, 3884, 2387, 1138, 0.0014237, 0.0193929, -0.118661, 72, 9, 0.973972, 0.992781, 0.11841, 0.0190867, -0.118361, 0.992964, -0.00370933, -0.0193917, 0.00142343, 0.999811, 1, -1, -1, -1
15715.7, -1.84492, -1.43415, -3.03166, 3864, 2242, 296, -0.00413292, 0.0837232, -0.0116091, 215, 2, 3.82772, 0.99643, 0.0112632, 0.083667, -0.0115682, 0.999928, 0.00316185, -0.0836254, -0.00411844, 0.996489, 1, -1, -1, -1
15882.5, 2.08837, -5.25221, -0.899253, 3828, 2110, 258, -0.251593, -0.080465, -0.0301088, 257, 16, 5.72326, 0.996313, 0.0491573, -0.070318, -0.0300069, 0.967476, 0.251178, 0.0803782, -0.248141, 0.965383, 1, -1, -1, -1
16049.4, 0.0343591, 0.0804995, -0.0283515, 3839, 2253, 964, -0.0127712, -0.00418501, -0.142663, 916, 84, 0.0920028, 0.989832, 0.14222, -0.0023264, -0.142178, 0.989753, 0.0132361, 0.004185, -0.0127707, 0.99991, 1, -1, -1, -1
16216.2, 0.175175, 0.318053, -0.585555, 3874, 2405, 1224, -0.0108681, -0.0204109, -0.0859342, 1034, 390, 0.688998, 0.996102, 0.0860444, -0.0194002, -0.0858106, 0.996232, 0.0125794, 0.0204094, -0.0108656, 0.999733, 1, -1, -1, -1
16383, 0.257592, 0.226198, -0.943919, 3888, 2749, 562, -0.0406703, -0.00227159, -0.0534438, 304, 166, 1.00424, 0.99857, 0.0534664, -9.45263e-05, -0.0534182, 0.997742, 0.0407223, 0.00227159, -0.040659, 0.99917, 1, -1, -1, -1
16549.9, -0.522733, 0.657766, -1.02716, 3894, 1939, 261, -0.0166931, -0.0310857, -0.0665384, 192, 59, 1.32701, 0.997305, 0.0669977, -0.0298977, -0.0664572, 0.997614, 0.0187217, 0.0310807, -0.0166843, 0.999378, 1, -1, -1, -1
16716.7, 0.313875, 0.356851, -0.816912, 3880, 1979, 542, -0.0286542, 0.00152586, -0.0588056, 460, 68, 0.945096, 0.99827, 0.0587039, 0.00320642, -0.0587716, 0.997864, 0.0285111, -0.00152586, -0.0286503, 0.999588, 1, -1, -1, -1
16883.6, 0.181354, 0.281319, -0.714731, 3878, 2400, 766, -0.0301123, 0.0033582, -0.0628279, 622, 249, 0.789221, 0.998021, 0.0626572, 0.00524041, -0.0627862, 0.997581, 0.0298376, -0.00335819, -0.0301076, 0.999541, 1, -1, -1, -1
17050.4, 0.255452, 0.182896, -1.11864, 3889, 2442, 1167, -0.0183957, 0.00652833, -0.0825226, 1001, 304, 1.16193, 0.996576, 0.0822953, 0.00802122, -0.0824272, 0.996438, 0.017794, -0.00652828, -0.0183943, 0.999809, 1, -1, -1, -1
17217.2, -0.14486, 0.220806, -0.379816, 3895, 2309, 1084, -0.0210237, -0.0349082, -0.100168, 224, 49, 0.462601, 0.994381, 0.100708, -0.0326162, -0.0999393, 0.994694, 0.0244061, 0.0349011, -0.0210093, 0.99917, 1, -1, -1, -1
17384.1, -2.45996, 0.509844, -0.092484, 3885, 2255, 950, 0.0105395, -0.00482033, -0.111695, 925, 70, 2.51394, 0.993757, 0.111406, -0.00596476, -0.111462, 0.993719, -0.0099364, 0.00482032, 0.0105392, 0.999933, 1, -1, -1, -1
17550.9, -0.657641, 0.160579, 0.240804, 3888, 2725, 1397, 0.0180121, -0.0263245, -0.128366, 1264, 440, 0.718515, 0.991429, 0.127523, -0.0284064, -0.127969, 0.991672, -0.014494, 0.0263215, 0.0180049, 0.999491, 1, -1, -1, -1
17717.7, -0.236318, 0.273782, 0.552413, 3898, 3167, 1028, 0.0289514, -0.0516746, -0.152425, 444, 125, 0.660274, 0.987086, 0.150294, -0.0554266, -0.151633, 0.988219, -0.0207725, 0.0516516, 0.0289087, 0.998247, 1, -1, -1, -1
17884.6, -0.840568, -0.0792587, 0.297968, 3891, 2206, 873, 0.0250114, -0.0642862, -0.13971, 250, 61, 0.895333, 0.988211, 0.137621, -0.0670787, -0.138968, 0.99017, -0.0158219, 0.0642419, 0.0249572, 0.997622, 1, -1, -1, -1
18051.4, 0.168417, -1.11417, 0.805137, 3901, 2468, 789, 0.00664843, -0.0302272, -0.155355, 708, 75, 1.38491, 0.987505, 0.154529, -0.0308867, -0.15466, 0.987966, -0.00189204, 0.0302226, 0.00664535, 0.999521, 1, -1, -1, -1
18218.2, 0.43543, 0.252949, 0.838351, 3901, 2093, 999, 0.0361754, -0.0107516, -0.159306, 159, 36, 0.977965, 0.987281, 0.158146, -0.0163457, -0.158624, 0.986753, -0.0340052, 0.0107514, 0.0361655, 0.999288, 1, -1, -1, -1
18385.1, -1.00733, -0.614471, -0.902964, 3895, 2419, 1293, 0.0233558, -0.0103166, -0.0888639, 1096, 56, 1.48581, 0.996001, 0.0884828, -0.0123455, -0.0887423, 0.995804, -0.0223462, 0.0103164, 0.0233524, 0.999674, 1, -1, -1, -1
18551.9, -0.311587, -0.286283, -0.976154, 3886, 3181, 2203, 0.0374337, -0.00060892, -0.0789119, 1994, 644, 1.06392, 0.996888, 0.0787521, -0.00355681, -0.07883, 0.996191, -0.0372605, 0.00060892, 0.0374249, 0.999299, 1, -1, -1, -1
18718.7, 2.34817, 0.0710507, -1.72688, 3903, 3554, 1133, 0.0464764, 0.0496667, -0.0407002, 1060, 483, 2.91566, 0.99794, 0.0429497, 0.0476612, -0.0406388, 0.997999, -0.0484391, -0.0496463, 0.0464024, 0.997688, 1, -1, -1, -1
18885.6, 1.38292, 0.411081, -0.732671, 3909, 2268, 919, 0.0293805, 0.0271547, -0.0219402, 888, 388, 1.61811, 0.999391, 0.0227264, 0.0264886, -0.0219304, 0.99931, -0.0299646, -0.0271514, 0.0293654, 0.9992, 1, -1, -1, -1
19052.4, 1.04444, 0.60227, -0.410389, 3887, 2343, 840, 0.0474376, -0.0127617, -0.0463227, 838, 378, 1.27358, 0.998846, 0.0456495, -0.0149291, -0.0463023, 0.997832, -0.0467787, 0.0127613, 0.0474159, 0.998794, 1, -1, -1, -1
19219.2, 0.0207903, 0.0710222, -0.311103, 3859, 1934, 1183, 0.0391157, 0.000856334, -0.0223283, 1133, 402, 0.319783, 0.99975, 0.0223429, -1.76266e-05, -0.0223265, 0.998985, -0.0391151, -0.000856334, 0.0391057, 0.999235, 1, -1, -1, -1
19386.1, -0.0311811, 0.262614, -0.720438, 3889, 2675, 1686, 0.0379586, -0.00746226, -0.0443976, 1614, 622, 0.767443, 0.998987, 0.0440681, -0.00913378, -0.0443817, 0.998308, -0.0375811, 0.00746219, 0.0379484, 0.999252, 1, -1, -1, -1
19552.9, -0.42441, -0.255163, -0.915744, 3868, 3174, 1945, 0.00383177, 0.0103173, -0.026595, 1892, 835, 1.04107, 0.999593, 0.0266312, 0.0102115, -0.0265905, 0.999638, -0.00410476, -0.0103171, 0.00383156, 0.999939, 1, -1, -1, -1
19719.7, -0.248459, 0.249502, -0.519981, 3878, 3290, 1915, 0.0180012, 0.000338444, -0.0742056, 1569, 788, 0.627983, 0.997248, 0.0741316, -0.000997035, -0.0741375, 0.997086, -0.0179758, -0.000338444, 0.0180002, 0.999838, 1, -1, -1, -1
19886.6, -0.856401, 0.0384062, -0.6135, 3864, 3093, 1748, 0.00796719, -0.00154716, -0.0848262, 1563, 779, 1.05417, 0.996403, 0.0847095, -0.00221656, -0.0847244, 0.996374, -0.00780738, 0.00154716, 0.0079671, 0.999967, 1, -1, -1, -1
20053.4, -0.972444, 0.383574, 0.0101172, 3844, 3058, 1817, 0.0150454, 0.021136, -0.129319, 1760, 822, 1.04541, 0.991428, 0.129259, 0.0190155, -0.12893, 0.991497, -0.0176444, -0.0211345, 0.0150415, 0.999663, 1, -1, -1, -1
20220.2, -0.263449, 0.276575, 0.580776, 3822, 2088, 1027, 0.0175128, 0.0195138, -0.129697, 272, 131, 0.695126, 0.991412, 0.129653, 0.0170809, -0.129309, 0.991405, -0.0198881, -0.0195126, 0.0175086, 0.999656, 1, -1, -1, -1
20387.1, -4.34956, -5.15914, 10.6567, 3828, 1734, 381, -0.0260398, 0.0280435, -0.0949315, 152, 10, 12.6135, 0.995106, 0.09403, 0.0303722, -0.0947517, 0.995229, 0.0232627, -0.0280399, -0.0260266, 0.999268, 1, -1, -1, -1
20553.9, -0.425149, -0.537938, -1.22496, 3821, 1751, 396, 0.00564104, 0.0407967, -0.108333, 142, 6, 1.4038, 0.993311, 0.108348, 0.0399357, -0.108031, 0.994097, -0.0100176, -0.0407854, 0.00563631, 0.999152, 1, -1, -1, -1
20720.7, -0.740005, 0.125624, 0.0362148, 3814, 1764, 668, 0.0064923, -0.0013912, -0.147308, 595, 20, 0.751465, 0.989169, 0.146763, -0.00232901, -0.146775, 0.98915, -0.00621775, 0.0013912, 0.00649225, 0.999978, 1, -1, -1, -1
20887.6, -0.685738, 0.156299, -0.372835, 3833, 2361, 817, -0.0220111, 0.0133748, -0.109555, 657, 144, 0.796035, 0.993916, 0.109017, 0.0156974, -0.109326, 0.993796, 0.0204154, -0.0133744, -0.0220073, 0.999668, 1, -1, -1, -1
21054.4, -0.576158, 0.00236156, -1.06341, 3824, 2326, 896, -0.0107428, -0.0294038, -0.109269, 645, 223, 1.20947, 0.993606, 0.109359, -0.028051, -0.109005, 0.993944, 0.0138844, 0.0293995, -0.0107379, 0.99951, 1, -1, -1, -1
21221.2, -0.662787, 0.0708835, -1.08163, 3817, 1835, 351, -0.0148452, -0.061058, -0.0950125, 229, 109, 1.27052, 0.993635, 0.0957609, -0.0593299, -0.0946928, 0.995294, 0.020566, 0.0610201, -0.014817, 0.998027, 1, -1, -1, -1
21388.1, -0.554635, 0.124014, -0.861017, 3796, 1541, 334, -0.0500733, -0.0441881, -0.0243942, 225, 56, 1.03167, 0.998727, 0.0265715, -0.0428843, -0.0243679, 0.998396, 0.0511137, 0.0441737, -0.0500036, 0.997772, 1, -1, -1, -1
21554.9, -0.474935, 0.0467086, -1.26789, 3765, 1622, 382, -0.0399799, -0.0386221, -0.0648363, 270, 50, 1.35473, 0.997155, 0.0662791, -0.0359109, -0.0647425, 0.997001, 0.042385, 0.0386125, -0.0399395, 0.998456, 1, -1, -1, -1
21721.7, -0.407903, 0.0924073, -0.859666, 3717, 1485, 464, -0.046216, -0.0241849, -0.0572123, 362, 119, 0.956007, 0.998072, 0.0582355, -0.0214754, -0.0571644, 0.997234, 0.0475053, 0.0241825, -0.046186, 0.99864, 1, -1, -1, -1
21888.6, -0.60904, 0.0957272, -1.07938, 3552, 1517, 558, -0.0342854, -0.0158732, -0.0606735, 464, 139, 1.24304, 0.998034, 0.0611438, -0.0137554, -0.0606287, 0.99754, 0.0351775, 0.0158725, -0.0342744, 0.999286, 1, -1, -1, -1
22055.4, -0.408885, 0.118687, -0.490419, 3548, 1489, 608, -0.0160867, -0.0171234, -0.0783615, 433, 167, 0.649449, 0.996785, 0.0785458, -0.0158085, -0.0782699, 0.996781, 0.0173768, 0.0171225, -0.0160836, 0.999724, 1, -1, -1, -1
22222.2, -0.973804, 0.769663, -2.24912, 3742, 818, 282, 0.0810208, 0.0888752, -0.0797273, 267, 85, 2.56889, 0.992889, 0.0865422, 0.0817404, -0.0793286, 0.992981, -0.0877209, -0.0887582, 0.0806128, 0.992786, 1, -1, -1, -1
22389.1, -0.164075, -0.0596206, -0.297423, 3778, 1028, 266, 0.0343302, 0.0779968, -0.10046, 172, 36, 0.344871, 0.991933, 0.102893, 0.0740369, -0.099986, 0.994104, -0.0419603, -0.0779177, 0.0342192, 0.996372, 1, -1, -1, -1
22555.9, 0.34038, 0.152539, 0.642663, 3639, 1308, 259, 0.0325226, 0.00820021, -0.157574, 61, 11, 0.743063, 0.987578, 0.157103, 0.00299161, -0.156918, 0.987047, -0.0334001, -0.00820012, 0.0325157, 0.999438, 1, -1, -1, -1
22722.7, 0.683978, 0.0960525, 1.1075, 3795, 1358, 302, 0.0332643, -0.0273364, -0.143943, 239, 5, 1.30522, 0.989288, 0.142467, -0.0318061, -0.143393, 0.989241, -0.0289955, 0.027333, 0.0332457, 0.999073, 1, -1, -1, -1
22889.6, -1.14912, -0.255523, 0.246967, 3784, 1541, 455, 0.0272742, -0.0130615, -0.124176, 397, 74, 1.20281, 0.992215, 0.123458, -0.0163334, -0.123847, 0.991975, -0.0254437, 0.0130611, 0.0272684, 0.999543, 1, -1, -1, -1
23056.4, -0.250628, 0.0257823, -0.389858, 3801, 1811, 610, 0.0445916, -0.0138422, -0.122219, 109, 16, 0.464186, 0.992446, 0.121181, -0.0191594, -0.121903, 0.991629, -0.0425584, 0.0138417, 0.0445725, 0.99891, 1, -1, -1, -1
23223.2, -0.00780492, 0.0761122, 0.100663, 3779, 932, 514, 0.0234801, -0.0179901, -0.106877, 101, 8, 0.12644, 0.994133, 0.106224, -0.0203861, -0.106657, 0.994065, -0.0214255, 0.0179892, 0.0234741, 0.999563, 1, -1, -1, -1
23390.1, -0.617618, 0.839864, -0.956984, 3797, 1477, 516, 0.0597333, 0.0170047, -0.107115, 249, 14, 1.41515, 0.994125, 0.107729, 0.0104939, -0.106895, 0.992387, -0.0611703, -0.0170039, 0.0596891, 0.998072, 1, -1, -1, -1
23556.9, 1.58035, 1.25223, -2.4174, 3789, 1224, 336, -0.0055991, 0.0487602, -0.0432267, 156, 5, 3.14792, 0.997878, 0.04294, 0.0489365, -0.0431619, 0.999062, 0.00348762, -0.0487409, -0.00559242, 0.998796, 1, -1, -1, -1
23723.7, 0.716063, 0.285355, -0.781362, 3790, 1376, 502, 0.0450265, -0.00197549, -0.0313312, 469, 15, 1.09759, 0.999507, 0.0312054, -0.00338254, -0.031326, 0.998499, -0.0449273, 0.00197549, 0.0450112, 0.998985, 1, -1, -1, -1
23890.6, 0.610724, -0.507028, 0.830178, 3749, 1285, 271, -0.0448479, 0.0232758, -0.0974077, 249, 72, 1.14859, 0.99499, 0.0961175, 0.0275003, -0.0972274, 0.99436, 0.0423592, -0.0232737, -0.0448207, 0.998724, 1, -1, -1, -1
24057.4, 1.22849, 2.90801, -1.62078, 3598, 851, 285, 0.026084, 0.0233971, -0.0396925, 276, 91, 3.54861, 0.998939, 0.0402782, 0.0223336, -0.0396712, 0.998848, -0.0269886, -0.0233949, 0.0260739, 0.999386, 1, -1, -1, -1
24224.2, 0.10632, -0.0308285, 0.200796, 3753, 917, 265, 0.00107571, -0.0187162, -0.043766, 123, 43, 0.229289, 0.998867, 0.0437319, -0.0187443, -0.0437444, 0.999043, -0.000255858, 0.0187151, 0.00107552, 0.999824, 1, -1, -1, -1
24391.1, -0.614249, -1.00099, 0.671141, 3763, 858, 133, 0.0766553, 0.0115599, -0.0514657, 43, 5, 1.35267, 0.998609, 0.052176, 0.00757088, -0.0514396, 0.995698, -0.0770717, -0.0115596, 0.0765751, 0.996997, 1, -1, -1, -1
24557.9, 0.781768, -0.784944, -2.33178, 3571, 755, 391, 0.0416818, -0.0262988, -0.0477972, 374, 7, 2.58157, 0.998513, 0.046643, -0.0282339, -0.0477625, 0.998043, -0.0403668, 0.0262958, 0.0416553, 0.998786, 1, -1, -1, -1
24724.7, -0.434948, -1.57183, -0.490035, 3739, 1204, 722, -0.0243003, -0.00248989, -0.0769122, 718, 202, 1.70293, 0.997041, 0.076874, -0.000614829, -0.0768362, 0.996745, 0.0244173, 0.00248988, -0.0242978, 0.999702, 1, -1, -1, -1
24891.6, 0.0278328, -0.136795, -0.234763, 3589, 1592, 894, 0.0171234, 0.00109311, -0.092751, 720, 324, 0.273132, 0.995701, 0.0926232, -0.000497612, -0.0926181, 0.995554, -0.0171502, -0.00109311, 0.0171226, 0.999853, 1, -1, -1, -1
25058.4, 0.327311, 0.00505401, -0.440766, 3576, 1137, 538, 0.0126166, 0.0222741, -0.127981, 101, 26, 0.549029, 0.991576, 0.127901, 0.0204781, -0.127601, 0.991707, -0.0153555, -0.0222722, 0.0126131, 0.999672, 1, -1, -1, -1
25225.2, 0.827761, 0.425742, 1.02214, 3547, 564, 210, -0.00199241, 0.0438489, -0.167175, 66, 8, 1.38247, 0.985111, 0.16631, 0.0435552, -0.166237, 0.986071, -0.00532935, -0.0438349, -0.00199049, 0.999037, 1, -1, -1, -1
25392.1, 0.793295, -0.264212, -0.829435, 3667, 883, 243, 0.0198151, 0.0177358, -0.144186, 174, 13, 1.17775, 0.989468, 0.144007, 0.0147004, -0.143665, 0.989378, -0.0221559, -0.0177349, 0.0198106, 0.999646, 1, -1, -1, -1
25558.9, 0.210082, 0.799973, 0.369594, 3674, 1068, 440, -0.00875514, 0.0128139, -0.143168, 179, 25, 0.90592, 0.989688, 0.142563, 0.0139311, -0.142668, 0.989747, 0.00683729, -0.0128135, -0.00875431, 0.99988, 1, -1, -1, -1
25725.7, 1.73978, -0.984919, -1.72341, 3628, 1093, 385, -0.00108433, 0.00967144, -0.0757798, 276, 81, 2.63952, 0.997083, 0.0756968, 0.00972562, -0.0757038, 0.99713, 0.000349034, -0.00967129, -0.00108428, 0.999953, 1, -1, -1, -1
25892.6, -2.90571, -3.32518, -7.69161, 3380, 668, 95, 0.0137928, 0.00175236, -0.00291685, 44, 6, 8.8691, 0.999994, 0.00294074, 0.00171196, -0.00291684, 0.999901, -0.0137974, -0.00175236, 0.0137923, 0.999903, 1, -1, -1, -1
26059.4, 0.368553, 0.581568, 0.725222, 3350, 633, 133, 0.011119, -0.00225322, 0.00709154, 79, 0, 1, 0.999972, -0.00711609, -0.00217417, 0.00709146, 0.999913, -0.0111344, 0.00225322, 0.0111187, 0.999936, 1, -1, -1, -1
26226.2, 0.552081, 0.32739, -0.766826, 3435, 310, 145, -0.0289964, -0.0706593, -0.118034, 130, 0, 1, 0.990564, 0.119743, -0.0666656, -0.117466, 0.992384, 0.037101, 0.0706005, -0.02892, 0.997085, 1, -1, -1, -1
26393.1, 0.0859631, 0.016469, -0.226176, 3406, 713, 180, -0.00942817, -0.0226369, -0.0446555, 96, 14, 0.242521, 0.998747, 0.0448519, -0.0221906, -0.0446293, 0.998949, 0.010429, 0.022635, -0.00942561, 0.999699, 1, -1, -1, -1
26559.9, 0.0538587, 0.00224639, -1.04554, 3459, 789, 495, -0.0310255, -0.02899, -0.0714364, 356, 38, 1.04693, 0.99703, 0.0722382, -0.026684, -0.0713457, 0.996905, 0.0330093, 0.028986, -0.0310075, 0.999099, 1, -1, -1, -1
26726.7, -0.11665, -0.144058, 2.22194, 3505, 1002, 290, 0.00224845, -0.00184854, -0.0123409, 145, 33, 2.22965, 0.999922, 0.0123364, -0.00187614, -0.0123406, 0.999921, -0.00222547, 0.00184854, 0.00224845, 0.999996, 1, -1, -1, -1
26893.6, 0.0258747, -0.00504883, 0.107556, 3402, 693, 158, 0.00224855, -0.000223583, -0.00258047, 76, 6, 0.11074, 0.999997, 0.00257996, -0.000229384, -0.00258046, 0.999994, -0.00224796, 0.000223583, 0.00224855, 0.999997, 1, -1, -1, -1
27060.4, -0.747261, -0.305177, -0.590312, 3418, 761, 184, -0.0013981, 0.00120182, -0.00061595, 50, 0, 1, 0.999999, 0.000614269, 0.00120268, -0.000615949, 0.999999, 0.00139735, -0.00120182, -0.00139809, 0.999998, 1, -1, -1, -1
27227.2, 8.51093, -1.4932, -11.4095, 3473, 583, 188, -0.0232073, -0.0633117, -0.0914687, 171, 2, 14.3123, 0.993825, 0.0927786, -0.0608684, -0.0911582, 0.995417, 0.0288858, 0.0632694, -0.0231588, 0.997728, 1, -1, -1, -1
27394.1, 0.246209, 0.196762, -0.283114, 3567, 718, 279, 0.0153794, -0.0510104, -0.105304, 60, 15, 0.42366, 0.993167, 0.104317, -0.0523163, -0.104973, 0.994425, -0.00993484, 0.0509883, 0.0153587, 0.998581, 1, -1, -1, -1
27560.9, 0.568851, 0.168213, -0.695217, 3657, 980, 391, 0.0301182, -0.0634154, -0.114159, 232, 17, 0.9139, 0.991494, 0.111964, -0.0663621, -0.113682, 0.993258, -0.022702, 0.0633729, 0.0300531, 0.997537, 1, -1, -1, -1
27727.7, 2.97526, 0.479995, -0.276148, 3397, 999, 390, 0.040677, -0.145366, -0.157022, 379, 64, 3.02635, 0.97728, 0.15043, -0.149313, -0.154729, 0.987801, -0.0175322, 0.144854, 0.0402369, 0.988635, 1, -1, -1, -1
27894.6, -0.0344617, 0.0707566, 0.507961, 3401, 1065, 317, 0.0315644, -0.0791082, -0.146511, 174, 37, 0.514022, 0.986193, 0.143448, -0.0827474, -0.145531, 0.989158, -0.0196901, 0.0790257, 0.0314605, 0.996376, 1, -1, -1, -1
28061.4, -0.0816221, 0.141411, 0.984693, 3402, 967, 300, 0.0349389, -0.0228285, -0.141513, 208, 42, 0.998138, 0.989746, 0.140165, -0.0275114, -0.141004, 0.989512, -0.0313651, 0.0228265, 0.0349227, 0.999129, 1, -1, -1, -1
28228.2, 0.678523, 0.4497, 0.597127, 3426, 647, 193, 0.0476107, -0.0179955, -0.135412, 153, 56, 1.00955, 0.990685, 0.133997, -0.0242346, -0.134977, 0.989839, -0.0447305, 0.0179946, 0.047585, 0.998705, 1, -1, -1, -1
28395.1, -0.795318, -0.0574085, -0.603468, 3389, 710, 408, 0.0491165, -0.0547473, -0.124972, 29, 0, 1, 0.990715, 0.121831, -0.0603475, -0.12446, 0.991339, -0.0419014, 0.05472, 0.0490232, 0.997298, 1, -1, -1, -1
28561.9, -5.19726, -5.67043, -4.03399, 3537, 1330, 558, -0.0268181, 0.0709677, -0.101597, 554, 2, 8.68552, 0.992339, 0.0994945, 0.0732368, -0.101167, 0.994679, 0.0194875, -0.0709081, -0.0267474, 0.997124, 1, -1, -1, -1
28728.7, -0.0573143, 0.131631, -0.240146, 3440, 1132, 195, 0.011817, 0.031906, 0.0579177, 121, 13, 0.279789, 0.997815, -0.0575049, 0.0325289, 0.0578558, 0.998275, -0.00995042, -0.0319006, 0.0118107, 0.999421, 1, -1, -1, -1
28895.6, 1.42134, 0.433154, -0.763073, 3609, 644, 179, 0.00852111, 0.00660915, -0.00318854, 171, 5, 1.67036, 0.999973, 0.00324474, 0.00658166, -0.00318847, 0.999958, -0.00854204, -0.0066091, 0.00852082, 0.999942, 1, -1, -1, -1
29062.4, -0.0514108, -0.0322718, -0.473393, 3598, 825, 454, 0.0464325, -0.00714691, -0.0108135, 350, 43, 0.477269, 0.999916, 0.0104699, -0.00764064, -0.010813, 0.998867, -0.0463359, 0.00714685, 0.0464147, 0.998897, 1, -1, -1, -1
29229.2, -0.324644, 0.151703, -1.81719, 3578, 606, 512, 0.0250048, 0.0201599, -0.0167949, 493, 162, 1.85218, 0.999656, 0.0172928, 0.0197295, -0.0167907, 0.999538, -0.0253371, -0.0201585, 0.0249971, 0.999484, 1, -1, -1, -1
29396.1, -0.0616384, 0.151285, -0.552529, 3553, 1290, 959, 0.031769, -0.0103499, -0.0438049, 786, 282, 0.576172, 0.998987, 0.0434404, -0.0117255, -0.0437885, 0.998551, -0.0312802, 0.0103497, 0.031762, 0.999442, 1, -1, -1, -1
29562.9, -0.36643, 0.392335, -1.0553, 3512, 1843, 1263, 0.0274243, 0.00940602, -0.0346943, 1215, 504, 1.184, 0.999354, 0.0349321, 0.00844552, -0.0346858, 0.999013, -0.0277305, -0.00940588, 0.0274197, 0.99958, 1, -1, -1, -1
29729.7, 0.63316, -0.0583169, -0.473172, 3407, 1994, 1065, 0.000707748, -0.0358555, -0.0951712, 857, 443, 0.792581, 0.994835, 0.0950023, -0.0357528, -0.0949665, 0.995477, 0.00270199, 0.0358478, 0.000707293, 0.999357, 1, -1, -1, -1
29896.6, 0.617196, -0.157205, -0.275057, 3304, 1745, 917, 0.011375, -0.0345626, -0.108944, 259, 138, 0.693758, 0.993478, 0.108331, -0.0355854, -0.108663, 0.99405, -0.00755033, 0.0345557, 0.0113679, 0.999338, 1, -1, -1, -1
30063.4, -0.572562, 0.311641, 0.571792, 3248, 1450, 575, 0.00802073, 0.00696941, -0.120119, 194, 25, 0.867118, 0.99277, 0.119882, 0.0059578, -0.119827, 0.992756, -0.00879796, -0.00696936, 0.00802045, 0.999944, 1, -1, -1, -1
30230.2, -3.28752, 6.68652, 1.48884, 3189, 830, 391, 0.0989171, 0.0754031, -0.0990191, 391, 18, 7.59829, 0.992274, 0.105777, 0.0648335, -0.0985764, 0.989502, -0.105683, -0.0753317, 0.0984752, 0.992284, 1, -1, -1, -1
30397.1, -0.500275, 0.316695, 0.00905711, 3203, 1389, 319, 0.0213048, 0.0919813, -0.083424, 318, 80, 0.592159, 0.99231, 0.0852583, 0.0897363, -0.082975, 0.996133, -0.0288811, -0.0918517, 0.0212131, 0.995547, 1, -1, -1, -1
30563.9, -0.11645, 0.568675, 0.814278, 3254, 1163, 500, -0.00880149, 0.0251105, -0.129311, 60, 0, 1, 0.991338, 0.128726, 0.0260322, -0.12891, 0.991641, 0.00549035, -0.0251078, -0.0087986, 0.999646, 1, -1, -1, -1
30730.7, -1.3637, 2.12822, 2.93219, 3284, 1228, 344, -0.00897323, -0.000491732, -0.112052, 148, 2, 3.87127, 0.993729, 0.111817, 0.000514722, -0.111817, 0.993688, 0.00897182, 0.000491731, -0.00897311, 0.99996, 1, -1, -1, -1
30897.6, -1.50133, 2.04116, -0.278139, 3307, 1107, 383, -0.00145655, 0.000280972, -0.100505, 373, 34, 2.54906, 0.994954, 0.100335, 0.000425698, -0.100335, 0.994953, 0.00142101, -0.000280972, -0.00145655, 0.999999, 1, -1, -1, -1
31064.4, -0.398333, 0.110025, -0.220736, 3310, 1354, 644, 0.000475159, -0.0106879, -0.117713, 477, 112, 0.468508, 0.993023, 0.117436, -0.0106695, -0.117435, 0.99308, 0.000783305, 0.0106877, 0.000475132, 0.999943, 1, -1, -1, -1
31231.2, -0.0312695, -0.00540715, -0.175488, 3343, 1143, 824, -0.0168996, -0.0450836, -0.0980565, 47, 5, 0.178334, 0.994185, 0.0986434, -0.043191, -0.0977999, 0.99498, 0.0212292, 0.0450683, -0.0168816, 0.998841, 1, -1, -1, -1
31398.1, -1.64349, 0.679444, -2.7095, 3394, 952, 633, -0.0278997, -0.00720738, -0.0470388, 623, 8, 3.241, 0.998868, 0.047204, -0.00588483, -0.0470202, 0.998496, 0.028204, 0.00720732, -0.0278954, 0.999585, 1, -1, -1, -1
31564.9, 0.436724, -0.0320951, -0.187584, 3649, 1337, 329, -0.0487274, -0.0594735, -0.0417388, 131, 52, 0.476388, 0.997363, 0.0445698, -0.0572838, -0.0416529, 0.997822, 0.051143, 0.0594384, -0.048622, 0.997047, 1, -1, -1, -1
31731.7, -0.0574493, 0.0378488, 0.309645, 3693, 960, 337, -0.0271467, -0.0509907, -0.0674773, 194, 9, 0.317195, 0.996427, 0.0687815, -0.0490037, -0.0673384, 0.997263, 0.0305169, 0.0509686, -0.0271081, 0.998332, 1, -1, -1, -1
31898.6, -0.372106, -0.111871, -1.37771, 3536, 905, 261, -0.0319078, -0.0184679, -0.0675416, 188, 45, 1.43145, 0.99755, 0.0680437, -0.0162623, -0.0674787, 0.997172, 0.0330754, 0.0184669, -0.031897, 0.999321, 1, -1, -1, -1
32065.4, -0.0412141, 0.597277, 0.763668, 3460, 802, 228, 0.0315971, -0.0477237, -0.0770026, 195, 35, 0.970374, 0.995902, 0.0753855, -0.0499707, -0.076839, 0.996655, -0.0278302, 0.0477055, 0.0315559, 0.998363, 1, -1, -1, -1
32232.2, -1.11363, -2.0013, -4.17707, 3543, 503, 113, 0.00669292, 0.165623, -0.169132, 112, 13, 4.76374, 0.972242, 0.16941, 0.161384, -0.166023, 0.985523, -0.0343482, -0.164867, 0.00660129, 0.986294, 1, -1, -1, -1
32399.1, 1.45451, 0.052838, 0.509161, 3649, 900, 210, 0.135311, -0.261477, -0.160457, 210, 24, 1.54196, 0.9536, 0.123884, -0.274407, -0.154339, 0.983703, -0.0922417, 0.258508, 0.130313, 0.957179, 1, -1, -1, -1
32565.9, -0.023904, 0.00439995, -0.0688002, 3697, 1027, 266, 0.0420936, 0.0503874, -0.173787, 207, 49, 0.0729673, 0.983687, 0.174848, 0.0422871, -0.172694, 0.983698, -0.0501486, -0.0503661, 0.0420278, 0.997846, 1, -1, -1, -1
32732.7, 0.448658, -0.0461076, 0.638782, 3688, 1037, 607, 0.0411074, -0.0259363, -0.172698, 268, 51, 0.78196, 0.984793, 0.170646, -0.032588, -0.171783, 0.984476, -0.0360318, 0.0259334, 0.041082, 0.998819, 1, -1, -1, -1
32899.6, -0.420392, -0.10451, 0.688892, 3702, 1263, 779, 0.0346619, -0.0374525, -0.123169, 164, 49, 0.813772, 0.991728, 0.121496, -0.0413954, -0.122772, 0.991988, -0.0297949, 0.0374437, 0.0346306, 0.998698, 1, -1, -1, -1
33066.4, -0.646962, 0.541317, -0.525718, 3808, 1226, 596, 0.065673, 0.00794868, -0.14721, 318, 29, 0.993964, 0.989153, 0.146879, -0.00178024, -0.146674, 0.986975, -0.0660794, -0.0079486, 0.0656237, 0.997813, 1, -1, -1, -1
33233.2, -0.385517, -0.48391, 0.785626, 3882, 1024, 732, 0.0218153, -0.0112516, -0.112778, 7, 1, 1, 0.993584, 0.112269, -0.0136321, -0.112532, 0.993438, -0.020409, 0.0112514, 0.0218122, 0.999699, 1, -1, -1, -1
33400.1, -0.0128708, 0.331185, -0.943478, 3902, 1750, 1470, 0.0154053, 0.00223646, 0.00452144, 45, 0, 1, 0.999987, -0.00448643, 0.00230583, 0.00452141, 0.999871, -0.0153944, -0.00223646, 0.0154047, 0.999879, 1, -1, -1, -1
33566.9, 0.206002, 0.0624159, -0.976559, 3905, 2056, 1553, 0.000863939, -0.00276874, 0.00465577, 80, 1, 1, 0.999985, -0.00465814, -0.00276468, 0.00465573, 0.999989, -0.00087682, 0.00276874, 0.000863936, 0.999996, 1, -1, -1, -1
33733.7, -0.28235, -0.897013, -0.340069, 3925, 2207, 1922, 0.00380327, -0.00205659, 9.45078e-05, 9, 0, 1, 0.999998, -0.000102329, -0.00205621, 9.45076e-05, 0.999993, -0.00380345, 0.00205658, 0.00380325, 0.999991, 1, -1, -1, -1
33900.6, -0.626672, -0.396567, -0.670833, 3917, 2112, 1995, 0.0044311, -0.00127302, 0.00271401, 18, 0, 1, 0.999996, -0.00271962, -0.00126097, 0.002714, 0.999986, -0.00443453, 0.00127302, 0.00443108, 0.999989, 1, -1, -1, -1
34067.4, 0.251102, -0.0269841, -0.967584, 3924, 2218, 2140, 0.00288645, -0.00160105, 0.000475212, 14, 0, 1, 0.999999, -0.000479832, -0.00159967, 0.000475212, 0.999996, -0.00288721, 0.00160105, 0.00288644, 0.999995, 1, -1, -1, -1
34234.2, 0.796451, -0.287081, -0.532213, 3916, 1458, 1456, 0.000343743, -0.00112835, 0.000139419, 1, 0, 1, 0.999999, -0.000139807, -0.0011283, 0.000139419, 1, -0.0003439, 0.00112835, 0.000343743, 0.999999, 1, -1, -1, -1
34401.1, -1, -1, -1, -1, -1, -1, -1, -1, -1, -1, -1, -1, -1, 0, 0, 0, -1, 0, 0, 0, -1, 0, -1, -1, -1
34567.9, -1, -1, -1, -1, -1, -1, -1, -1, -1, -1, -1, -1, -1, 0, 0, 0, -1, 0, 0, 0, -1, 0, -1, -1, -1
34734.7, -1, -1, -1, -1, -1, -1, -1, -1, -1, -1, -1, -1, -1, 0, 0, 0, -1, 0, 0, 0, -1, 0, -1, -1, -1
34901.6, -0.462079, -0.524849, 0.714854, 3919, 7116, 7069, -0.000410713, -8.39221e-05, -0.000530318, 7, 0, 1, 1, 0.000530352, -8.37042e-05, -0.000530318, 1, 0.000410757, 8.39221e-05, -0.000410713, 1, 1, -1, -1, -1
35068.4, -0.881244, -0.0710277, -0.467294, 3915, 1830, 1782, -0.000116335, 0.000557551, 0.000701873, 1, 0, 1, 1, -0.000701937, 0.000557469, 0.000701872, 1, 0.000116726, -0.000557551, -0.000116335, 1, 1, -1, -1, -1
35235.2, -1, -1, -1, -1, -1, -1, -1, -1, -1, -1, -1, -1, -1, 0, 0, 0, -1, 0, 0, 0, -1, 0, -1, -1, -1
