function fcn = J_CF(x1,x2,x3,x4,x5,x6,x7,x8,x9,x10,x11,x12,x13,x14,x15,x16,x17,x18,x19,x20,x21,x22,x23,x24,x25,x26,x27,x28)
%J_CF
%    FCN = J_CF(X1,X2,X3,X4,X5,X6,X7,X8,X9,X10,X11,X12,X13,X14,X15,X16,X17,X18,X19,X20,X21,X22,X23,X24,X25,X26,X27,X28)

%    This function was generated by the Symbolic Math Toolbox version 6.0.
%    28-Jul-2016 21:49:17

t2 = x15.^2;
t3 = x16.^2;
t4 = x17.^2;
t5 = x18.^2;
t6 = t2+t3+t4+t5;
t7 = 1.0./t6;
t8 = x22.^2;
t9 = x23.^2;
t10 = x24.^2;
t11 = x25.^2;
t12 = t8+t9+t10+t11;
t13 = 1.0./t12;
t14 = 1.0./t6.^2;
t15 = x1.*x15.*x22;
t16 = x2.*x15.*x23;
t17 = x2.*x16.*x22;
t18 = x3.*x15.*x24;
t19 = x3.*x17.*x22;
t20 = x2.*x18.*x24;
t21 = x3.*x16.*x25;
t22 = x4.*x15.*x25;
t23 = x4.*x17.*x23;
t24 = x4.*x18.*x22;
t26 = x1.*x16.*x23;
t27 = x1.*x17.*x24;
t28 = x1.*x18.*x25;
t29 = x2.*x17.*x25;
t30 = x3.*x18.*x23;
t31 = x4.*x16.*x24;
t25 = t15+t16+t17+t18+t19+t20+t21+t22+t23+t24-t26-t27-t28-t29-t30-t31;
t32 = 1.0./t12.^2;
t33 = x15.*x23;
t34 = x16.*x22;
t35 = x18.*x24;
t97 = x17.*x25;
t36 = t33+t34+t35-t97;
t37 = t7.*t13.*t36;
t38 = x16.*x23;
t39 = x17.*x24;
t40 = x18.*x25;
t96 = x15.*x22;
t41 = t38+t39+t40-t96;
t42 = x15.*x25;
t43 = x17.*x23;
t44 = x18.*x22;
t95 = x16.*x24;
t45 = t42+t43+t44-t95;
t46 = t7.*t13.*t45;
t47 = x15.*x24;
t48 = x17.*x22;
t49 = x16.*x25;
t94 = x18.*x23;
t50 = t47+t48+t49-t94;
t51 = t7.*t13.*t50;
t52 = x1.*x23;
t53 = x4.*x24;
t54 = x1.*x22;
t55 = x2.*x23;
t56 = x3.*x24;
t57 = x4.*x25;
t58 = x1.*x15.*x23;
t59 = x1.*x16.*x22;
t60 = x2.*x16.*x23;
t61 = x1.*x18.*x24;
t62 = x2.*x17.*x24;
t63 = x3.*x15.*x25;
t64 = x3.*x17.*x23;
t65 = x3.*x18.*x22;
t66 = x2.*x18.*x25;
t67 = x4.*x18.*x23;
t71 = x2.*x15.*x22;
t72 = x1.*x17.*x25;
t73 = x3.*x16.*x24;
t74 = x4.*x15.*x24;
t75 = x4.*x17.*x22;
t76 = x4.*x16.*x25;
t68 = t58+t59+t60+t61+t62+t63+t64+t65+t66+t67-t71-t72-t73-t74-t75-t76;
t69 = x1.*x25;
t70 = x3.*x23;
t77 = x1.*x24;
t78 = x2.*x25;
t79 = x1.*x16;
t80 = x3.*x18;
t124 = x2.*x15;
t125 = x4.*x17;
t81 = t79+t80-t124-t125;
t82 = x1.*x15;
t83 = x2.*x16;
t84 = x3.*x17;
t85 = x4.*x18;
t86 = t82+t83+t84+t85;
t87 = t7.*t13.*t86;
t88 = x1.*x18;
t89 = x2.*x17;
t122 = x3.*x16;
t123 = x4.*x15;
t90 = t88+t89-t122-t123;
t91 = x1.*x17;
t92 = x4.*x16;
t119 = x3.*x15;
t120 = x2.*x18;
t93 = t91+t92-t119-t120;
t98 = x3.*x22;
t99 = x4.*x23;
t100 = x4.*x22;
t101 = x1.*x15.*x24;
t102 = x1.*x17.*x22;
t103 = x1.*x16.*x25;
t104 = x2.*x16.*x24;
t105 = x3.*x16.*x23;
t106 = x4.*x15.*x23;
t107 = x4.*x16.*x22;
t108 = x3.*x17.*x24;
t109 = x3.*x18.*x25;
t110 = x4.*x18.*x24;
t112 = x3.*x15.*x22;
t113 = x1.*x18.*x23;
t114 = x2.*x15.*x25;
t115 = x2.*x17.*x23;
t116 = x2.*x18.*x22;
t117 = x4.*x17.*x25;
t111 = t101+t102+t103+t104+t105+t106+t107+t108+t109+t110-t112-t113-t114-t115-t116-t117;
t118 = x3.*x25;
t121 = t7.*t13.*t93;
t126 = x2.*x24;
t127 = x1.*x15.*x25;
t128 = x1.*x17.*x23;
t129 = x1.*x18.*x22;
t130 = x2.*x15.*x24;
t131 = x2.*x17.*x22;
t132 = x2.*x16.*x25;
t133 = x4.*x16.*x23;
t134 = x3.*x17.*x25;
t135 = x4.*x17.*x24;
t136 = x4.*x18.*x25;
t139 = x1.*x16.*x24;
t140 = x3.*x15.*x23;
t141 = x3.*x16.*x22;
t142 = x4.*x15.*x22;
t143 = x2.*x18.*x23;
t144 = x3.*x18.*x24;
t137 = t127+t128+t129+t130+t131+t132+t133+t134+t135+t136-t139-t140-t141-t142-t143-t144;
t138 = x2.*x22;
t145 = t7.*t13.*t90;
t146 = t2.*t10.*x5;
t147 = t4.*t8.*x5;
t148 = t2.*t11.*x5;
t149 = t3.*t10.*x5;
t150 = t4.*t9.*x5;
t151 = t5.*t8.*x5;
t152 = t3.*t11.*x5;
t153 = t5.*t9.*x5;
t154 = t2.*t8.*x19;
t155 = t2.*t9.*x19;
t156 = t3.*t8.*x19;
t157 = t3.*t9.*x19;
t158 = t4.*t10.*x19;
t159 = t4.*t11.*x19;
t160 = t5.*t10.*x19;
t161 = t5.*t11.*x19;
t162 = t2.*t8.*x26;
t163 = t2.*t9.*x26;
t164 = t3.*t8.*x26;
t165 = t3.*t9.*x26;
t166 = t4.*t8.*x26;
t167 = t4.*t9.*x26;
t168 = t5.*t8.*x26;
t169 = t5.*t9.*x26;
t170 = t8.*x6.*x15.*x18.*2.0;
t171 = t9.*x6.*x15.*x18.*2.0;
t172 = t10.*x6.*x16.*x17.*2.0;
t173 = t10.*x7.*x15.*x17.*2.0;
t174 = t11.*x6.*x16.*x17.*2.0;
t175 = t11.*x7.*x15.*x17.*2.0;
t176 = t10.*x7.*x16.*x18.*2.0;
t177 = t11.*x7.*x16.*x18.*2.0;
t178 = t2.*x6.*x22.*x25.*2.0;
t179 = t3.*x6.*x23.*x24.*2.0;
t180 = t3.*x7.*x22.*x24.*2.0;
t181 = t4.*x6.*x22.*x25.*2.0;
t182 = t4.*x7.*x22.*x24.*2.0;
t183 = t5.*x6.*x23.*x24.*2.0;
t184 = t3.*x7.*x23.*x25.*2.0;
t185 = t4.*x7.*x23.*x25.*2.0;
t186 = t8.*x15.*x17.*x21.*2.0;
t187 = t8.*x16.*x17.*x20.*2.0;
t188 = t9.*x15.*x17.*x21.*2.0;
t189 = t9.*x16.*x17.*x20.*2.0;
t190 = t10.*x15.*x18.*x20.*2.0;
t191 = t8.*x16.*x18.*x21.*2.0;
t192 = t11.*x15.*x18.*x20.*2.0;
t193 = t9.*x16.*x18.*x21.*2.0;
t194 = t2.*x20.*x23.*x24.*2.0;
t195 = t2.*x21.*x22.*x24.*2.0;
t196 = t3.*x20.*x22.*x25.*2.0;
t197 = t2.*x21.*x23.*x25.*2.0;
t198 = t4.*x20.*x23.*x24.*2.0;
t199 = t5.*x20.*x22.*x25.*2.0;
t200 = t5.*x21.*x22.*x24.*2.0;
t201 = t5.*x21.*x23.*x25.*2.0;
t202 = t2.*x22.*x24.*x28.*2.0;
t203 = t2.*x23.*x24.*x27.*2.0;
t204 = t3.*x22.*x24.*x28.*2.0;
t205 = t3.*x23.*x24.*x27.*2.0;
t206 = t2.*x23.*x25.*x28.*2.0;
t207 = t4.*x22.*x24.*x28.*2.0;
t208 = t4.*x23.*x24.*x27.*2.0;
t209 = t3.*x23.*x25.*x28.*2.0;
t210 = t5.*x22.*x24.*x28.*2.0;
t211 = t5.*x23.*x24.*x27.*2.0;
t212 = t4.*x23.*x25.*x28.*2.0;
t213 = t5.*x23.*x25.*x28.*2.0;
t214 = x5.*x15.*x17.*x22.*x24.*4.0;
t215 = x5.*x15.*x17.*x23.*x25.*4.0;
t216 = x5.*x15.*x18.*x22.*x25.*4.0;
t217 = x5.*x16.*x17.*x22.*x25.*4.0;
t218 = x7.*x15.*x16.*x23.*x24.*4.0;
t219 = x7.*x17.*x18.*x22.*x25.*4.0;
t220 = x15.*x16.*x20.*x22.*x24.*4.0;
t221 = x15.*x16.*x20.*x23.*x25.*4.0;
t222 = x15.*x16.*x21.*x22.*x25.*4.0;
t223 = x15.*x18.*x19.*x23.*x24.*4.0;
t224 = x16.*x17.*x19.*x23.*x24.*4.0;
t225 = x16.*x18.*x19.*x22.*x24.*4.0;
t226 = x16.*x18.*x19.*x23.*x25.*4.0;
t227 = x17.*x18.*x20.*x22.*x24.*4.0;
t228 = x17.*x18.*x20.*x23.*x25.*4.0;
t229 = x17.*x18.*x21.*x23.*x24.*4.0;
t231 = t2.*t8.*x5;
t232 = t2.*t9.*x5;
t233 = t3.*t8.*x5;
t234 = t3.*t9.*x5;
t235 = t4.*t10.*x5;
t236 = t4.*t11.*x5;
t237 = t5.*t10.*x5;
t238 = t5.*t11.*x5;
t239 = t2.*t10.*x19;
t240 = t4.*t8.*x19;
t241 = t2.*t11.*x19;
t242 = t3.*t10.*x19;
t243 = t4.*t9.*x19;
t244 = t5.*t8.*x19;
t245 = t3.*t11.*x19;
t246 = t5.*t9.*x19;
t247 = t2.*t10.*x26;
t248 = t2.*t11.*x26;
t249 = t3.*t10.*x26;
t250 = t3.*t11.*x26;
t251 = t4.*t10.*x26;
t252 = t4.*t11.*x26;
t253 = t5.*t10.*x26;
t254 = t5.*t11.*x26;
t255 = t8.*x6.*x16.*x17.*2.0;
t256 = t8.*x7.*x15.*x17.*2.0;
t257 = t9.*x6.*x16.*x17.*2.0;
t258 = t9.*x7.*x15.*x17.*2.0;
t259 = t10.*x6.*x15.*x18.*2.0;
t260 = t8.*x7.*x16.*x18.*2.0;
t261 = t11.*x6.*x15.*x18.*2.0;
t262 = t9.*x7.*x16.*x18.*2.0;
t263 = t2.*x6.*x23.*x24.*2.0;
t264 = t2.*x7.*x22.*x24.*2.0;
t265 = t3.*x6.*x22.*x25.*2.0;
t266 = t4.*x6.*x23.*x24.*2.0;
t267 = t2.*x7.*x23.*x25.*2.0;
t268 = t5.*x6.*x22.*x25.*2.0;
t269 = t5.*x7.*x22.*x24.*2.0;
t270 = t5.*x7.*x23.*x25.*2.0;
t271 = t8.*x15.*x18.*x20.*2.0;
t272 = t9.*x15.*x18.*x20.*2.0;
t273 = t10.*x15.*x17.*x21.*2.0;
t274 = t10.*x16.*x17.*x20.*2.0;
t275 = t11.*x15.*x17.*x21.*2.0;
t276 = t11.*x16.*x17.*x20.*2.0;
t277 = t10.*x16.*x18.*x21.*2.0;
t278 = t11.*x16.*x18.*x21.*2.0;
t279 = t2.*x20.*x22.*x25.*2.0;
t280 = t3.*x20.*x23.*x24.*2.0;
t281 = t3.*x21.*x22.*x24.*2.0;
t282 = t4.*x20.*x22.*x25.*2.0;
t283 = t4.*x21.*x22.*x24.*2.0;
t284 = t3.*x21.*x23.*x25.*2.0;
t285 = t5.*x20.*x23.*x24.*2.0;
t286 = t4.*x21.*x23.*x25.*2.0;
t287 = t2.*x22.*x25.*x27.*2.0;
t288 = t3.*x22.*x25.*x27.*2.0;
t289 = t4.*x22.*x25.*x27.*2.0;
t290 = t5.*x22.*x25.*x27.*2.0;
t291 = x6.*x15.*x16.*x22.*x24.*4.0;
t292 = x5.*x15.*x18.*x23.*x24.*4.0;
t293 = x5.*x16.*x17.*x23.*x24.*4.0;
t294 = x5.*x16.*x18.*x22.*x24.*4.0;
t295 = x6.*x15.*x16.*x23.*x25.*4.0;
t296 = x7.*x15.*x16.*x22.*x25.*4.0;
t297 = x5.*x16.*x18.*x23.*x25.*4.0;
t298 = x6.*x17.*x18.*x22.*x24.*4.0;
t299 = x6.*x17.*x18.*x23.*x25.*4.0;
t300 = x7.*x17.*x18.*x23.*x24.*4.0;
t301 = x15.*x17.*x19.*x22.*x24.*4.0;
t302 = x15.*x16.*x21.*x23.*x24.*4.0;
t303 = x15.*x17.*x19.*x23.*x25.*4.0;
t304 = x15.*x18.*x19.*x22.*x25.*4.0;
t305 = x16.*x17.*x19.*x22.*x25.*4.0;
t306 = x17.*x18.*x21.*x22.*x25.*4.0;
