function fcn = J_VJT(x1,x2,x3,x4,x5,x6,x7,x8,x9,x10,x11,x12,x13,x14,x15,x16,x17,x18,x19,x20,x21,x22,x23,x24,x25,x26,x27,x28)
%J_VJT
%    FCN = J_VJT(X1,X2,X3,X4,X5,X6,X7,X8,X9,X10,X11,X12,X13,X14,X15,X16,X17,X18,X19,X20,X21,X22,X23,X24,X25,X26,X27,X28)

%    This function was generated by the Symbolic Math Toolbox version 6.0.
%    28-Jul-2016 21:49:26

t2 = x15.^2;
t3 = x16.^2;
t4 = x17.^2;
t5 = x18.^2;
t6 = t2+t3+t4+t5;
t7 = 1.0./t6;
t8 = t2+t3-t4-t5;
t9 = x15.*x18.*2.0;
t33 = x16.*x17.*2.0;
t10 = t9-t33;
t11 = t7.*t10;
t12 = x15.*x17.*2.0;
t13 = x16.*x18.*2.0;
t14 = t12+t13;
t15 = 1.0./t6.^2;
t16 = t2.*x5;
t17 = t3.*x5;
t18 = t4.*x12;
t19 = t5.*x12;
t20 = x6.*x16.*x17.*2.0;
t21 = x7.*x15.*x17.*2.0;
t22 = x7.*x16.*x18.*2.0;
t23 = x13.*x15.*x18.*2.0;
t25 = t4.*x5;
t26 = t5.*x5;
t27 = t2.*x12;
t28 = t3.*x12;
t29 = x6.*x15.*x18.*2.0;
t30 = x13.*x16.*x17.*2.0;
t31 = x14.*x15.*x17.*2.0;
t32 = x14.*x16.*x18.*2.0;
t24 = t16+t17+t18+t19+t20+t21+t22+t23-t25-t26-t27-t28-t29-t30-t31-t32;
t34 = t9+t33;
t35 = t2-t3+t4-t5;
t36 = x15.*x16.*2.0;
t74 = x17.*x18.*2.0;
t37 = t36-t74;
t38 = t7.*t37;
t39 = x6.*x15.*2.0;
t40 = x5.*x18.*2.0;
t41 = x14.*x16.*2.0;
t82 = x7.*x16.*2.0;
t83 = x13.*x15.*2.0;
t84 = x12.*x18.*2.0;
t42 = t39+t40+t41-t82-t83-t84;
t43 = t7.*t42;
t44 = x5.*x17.*2.0;
t45 = x13.*x16.*2.0;
t46 = x14.*x15.*2.0;
t79 = x6.*x16.*2.0;
t80 = x7.*x15.*2.0;
t81 = x12.*x17.*2.0;
t47 = t44+t45+t46-t79-t80-t81;
t48 = t7.*t47;
t49 = t2.*x6;
t50 = t4.*x6;
t51 = t3.*x13;
t52 = t5.*x13;
t53 = x5.*x15.*x18.*2.0;
t54 = x5.*x16.*x17.*2.0;
t55 = x7.*x17.*x18.*2.0;
t56 = x14.*x15.*x16.*2.0;
t62 = t3.*x6;
t63 = t5.*x6;
t64 = t2.*x13;
t65 = t4.*x13;
t66 = x7.*x15.*x16.*2.0;
t67 = x12.*x15.*x18.*2.0;
t68 = x12.*x16.*x17.*2.0;
t69 = x14.*x17.*x18.*2.0;
t57 = t49+t50+t51+t52+t53+t54+t55+t56-t62-t63-t64-t65-t66-t67-t68-t69;
t58 = x5.*x16.*2.0;
t59 = x6.*x17.*2.0;
t60 = x7.*x18.*2.0;
t105 = x12.*x16.*2.0;
t106 = x13.*x17.*2.0;
t107 = x14.*x18.*2.0;
t61 = t58+t59+t60-t105-t106-t107;
t70 = x5.*x15.*2.0;
t71 = x7.*x17.*2.0;
t72 = x13.*x18.*2.0;
t94 = x6.*x18.*2.0;
t95 = x12.*x15.*2.0;
t96 = x14.*x17.*2.0;
t73 = t70+t71+t72-t94-t95-t96;
t75 = t12-t13;
t76 = t7.*t75;
t77 = t36+t74;
t78 = t2-t3-t4+t5;
t85 = t2.*x7;
t86 = t5.*x7;
t87 = t3.*x14;
t88 = t4.*x14;
t89 = x6.*x15.*x16.*2.0;
t90 = x5.*x16.*x18.*2.0;
t91 = x6.*x17.*x18.*2.0;
t92 = x12.*x15.*x17.*2.0;
t97 = t3.*x7;
t98 = t4.*x7;
t99 = t2.*x14;
t100 = t5.*x14;
t101 = x5.*x15.*x17.*2.0;
t102 = x13.*x15.*x16.*2.0;
t103 = x12.*x16.*x18.*2.0;
t104 = x13.*x17.*x18.*2.0;
t93 = t85+t86+t87+t88+t89+t90+t91+t92-t97-t98-t99-t100-t101-t102-t103-t104;
fcn = reshape([0.0,0.0,0.0,0.0,0.0,0.0,0.0,0.0,0.0,0.0,0.0,0.0,-t7.*t8,-t7.*t34,t76,t11,-t7.*t35,-t7.*t77,-t7.*t14,t38,-t7.*t78,0.0,0.0,0.0,0.0,0.0,0.0,0.0,0.0,0.0,0.0,0.0,0.0,t7.*t8,t7.*t34,-t76,-t11,t7.*t35,t7.*t77,t7.*t14,-t38,t7.*t78,-t7.*t73+t15.*t24.*x15.*2.0,-t43+t15.*t57.*x15.*2.0,t48+t15.*t93.*x15.*2.0,-t7.*t61+t15.*t24.*x16.*2.0,-t48+t15.*t57.*x16.*2.0,-t43+t15.*t93.*x16.*2.0,t48+t15.*t24.*x17.*2.0,-t7.*t61+t15.*t57.*x17.*2.0,t7.*t73+t15.*t93.*x17.*2.0,t43+t15.*t24.*x18.*2.0,-t7.*t73+t15.*t57.*x18.*2.0,-t7.*t61+t15.*t93.*x18.*2.0,0.0,0.0,0.0,0.0,0.0,0.0,0.0,0.0,0.0,0.0,0.0,0.0,0.0,0.0,0.0,0.0,0.0,0.0,0.0,0.0,0.0,0.0,0.0,0.0,0.0,0.0,0.0,0.0,0.0,0.0],[3, 28]);
